"CASE" "YEAR" "AGE" "EVNO" "SUPR" "HRS" "NOEM" "SEX1" "TU" "PROM" "SC80"
"1" 4 78 16 1 2 7 "2" 1 0 2 "32"
"2" 4 82 20 4 2 7 "3" 3 0 2 "32"
"3" 4 83 21 5 2 9 "3" 3 0 2 "31"
"4" 4 85 23 9 2 7 "2" 1 0 2 "40"
"5" 8 82 17 2 2 5 "2" 2 1 2 "31"
"6" 8 85 20 4 2 4 "3" 1 0 2 "50"
"7" 16 76 16 2 2 6 "2" 2 0 1 "40"
"8" 16 77 17 3 2 6 "4" 1 1 2 "50"
"9" 16 79 19 4 2 6 "3" 1 0 1 "32"
"10" 17 71 16 1 2 7 "2" 1 0 1 "40"
"11" 17 72 17 2 2 6 "3" 1 1 1 "50"
"12" 17 79 24 3 2 9 "3" 1 1 1 "40"
"13" 17 80 25 4 2 9 "2" 1 1 2 "32"
"14" 17 80 25 5 2 9 "2" 1 1 2 "32"
"15" 17 83 28 7 2 6 "4" 1 1 1 "32"
"16" 18 63 15 1 2 6 "4" 1 0 1 "31"
"17" 18 68 20 4 2 6 "4" 3 0 1 "31"
"18" 18 70 22 5 1 6 "4" 3 1 1 "20"
"19" 18 72 24 6 1 6 "4" 3 1 1 "10"
"20" 18 73 25 7 1 6 "4" 3 1 1 "10"
"21" 18 77 29 8 1 6 "5" 1 1 1 "10"
"22" 18 79 31 9 1 6 "5" 1 1 1 "10"
"23" 18 81 33 10 1 6 "5" 1 1 1 "31"
"24" 20 64 15 1 2 7 "4" 1 0 1 "32"
"25" 20 68 19 2 2 7 "4" 3 0 2 "40"
"26" 20 72 23 3 2 7 "4" 1 0 1 "40"
"27" 20 74 25 4 1 6 "4" 1 1 1 "20"
"28" 21 42 15 1 2 7 "5" 1 0 2 "40"
"29" 21 42 15 2 2 7 "5" 2 0 2 "40"
"30" 21 43 16 3 2 7 "5" 3 0 2 "40"
"31" 21 48 21 7 2 7 "5" 3 0 2 "32"
"32" 21 48 21 8 2 7 "5" 1 1 2 "32"
"33" 21 49 22 9 2 7 "3" 1 1 2 "32"
"34" 21 50 23 10 2 7 "5" 3 1 2 "32"
"35" 21 50 23 11 8 7 "5" 1 1 2 "32"
"36" 21 51 24 12 2 7 "4" 1 1 1 "32"
"37" 21 56 29 13 1 7 "4" 1 1 1 "20"
"38" 21 60 33 14 1 7 "4" 1 1 1 "31"
"39" 21 63 36 15 1 6 "4" 1 1 1 "31"
"40" 21 65 38 16 1 6 "4" 1 0 1 "31"
"41" 21 71 44 17 1 6 "4" 1 0 1 "31"
"42" 26 53 15 1 2 7 "2" 1 0 2 "40"
"43" 26 54 16 2 2 7 "5" 3 0 1 "32"
"44" 26 58 20 4 2 7 "5" 3 0 1 "32"
"45" 26 61 23 6 1 6 "5" 3 0 1 "32"
"46" 26 62 24 7 1 6 "5" 3 0 1 "32"
"47" 26 62 24 8 1 6 "5" 3 0 1 "31"
"48" 26 66 28 9 1 6 "5" 3 0 1 "20"
"49" 26 67 29 10 1 6 "5" 3 0 1 "20"
"50" 26 68 30 11 2 6 "5" 2 0 1 "31"
"51" 26 70 32 12 1 6 "5" 2 0 1 "20"
"52" 26 71 33 13 1 6 "4" 3 0 1 "20"
"53" 26 73 35 14 1 6 "4" 3 0 1 "10"
"54" 26 75 37 15 1 8 "4" 3 0 1 "20"
"55" 26 80 42 16 1 8 "4" 3 0 1 "20"
"56" 26 83 45 17 1 8 "4" 3 0 1 "20"
"57" 28 54 16 1 2 7 "3" 2 0 1 "31"
"58" 28 59 21 2 2 4 "2" 1 1 1 "31"
"59" 32 46 14 1 2 7 "4" 1 0 1 "50"
"60" 32 48 16 2 2 7 "5" 2 0 1 "50"
"61" 32 53 21 4 2 7 "4" 1 0 1 "50"
"62" 32 53 21 5 2 7 "4" 2 0 1 "40"
"63" 32 54 22 6 2 6 "2" 1 1 1 "50"
"64" 32 62 30 7 2 6 "3" 1 0 1 "40"
"65" 32 65 33 8 8 6 "3" 1 0 2 "31"
"66" 32 67 35 9 2 6 "3" 1 0 2 "31"
"67" 32 68 36 10 2 6 "3" 1 0 2 "31"
"68" 32 70 38 11 2 6 "4" 1 0 2 "31"
"69" 43 80 16 1 2 6 "4" 2 0 1 "32"
"70" 43 81 17 3 2 6 "2" 1 0 2 "32"
"71" 43 83 19 5 2 4 "3" 1 1 1 "40"
"72" 43 84 20 6 2 6 "2" 3 0 1 "31"
"73" 43 85 21 8 2 6 "3" 1 1 2 "40"
"74" 46 81 17 2 2 6 "2" 1 0 2 "50"
"75" 46 83 19 3 2 6 "2" 1 0 1 "32"
"76" 46 85 21 4 2 6 "2" 1 0 1 "32"
"77" 47 47 16 1 2 6 "5" 1 1 1 "31"
"78" 47 55 24 2 1 6 "5" 1 1 1 "31"
"79" 47 61 30 3 2 6 "5" 1 0 1 "10"
"80" 47 65 34 4 1 6 "5" 1 0 1 "20"
"81" 47 74 43 5 1 6 "4" 1 0 1 "20"
"82" 47 80 49 6 1 6 "4" 1 0 2 "20"
"83" 47 83 52 8 1 6 "4" 1 0 2 "20"
"84" 51 63 21 1 1 8 "4" 1 0 1 "20"
"85" 51 65 23 2 2 6 "5" 1 0 1 "20"
"86" 51 72 30 3 1 6 "3" 1 1 2 "10"
"87" 57 73 16 1 2 6 "2" 1 0 2 "32"
"88" 57 74 17 2 2 6 "3" 3 0 1 "32"
"89" 57 76 19 3 2 6 "5" 1 1 2 "50"
"90" 57 78 21 4 1 6 "4" 1 1 1 "32"
"91" 60 57 19 1 2 6 "4" 1 0 1 "20"
"92" 60 60 22 3 1 6 "4" 1 0 2 "20"
"93" 60 64 26 5 1 6 "5" 1 1 1 "32"
"94" 60 66 28 6 1 6 "5" 1 1 1 "32"
"95" 64 84 20 2 2 6 "3" 2 1 1 "31"
"96" 64 86 22 3 2 6 "3" 2 1 1 "31"
"97" 67 81 15 1 2 6 "2" 1 0 2 "50"
"98" 67 81 15 3 2 9 "2" 1 0 2 "40"
"99" 67 82 16 4 2 9 "2" 1 0 1 "40"
"100" 69 56 14 1 2 7 "2" 1 1 2 "32"
"101" 69 60 18 2 2 7 "2" 1 1 2 "32"
"102" 69 61 19 3 2 7 "2" 1 1 2 "32"
"103" 69 62 20 4 2 7 "2" 1 1 2 "32"
"104" 69 65 23 5 2 6 "2" 1 1 2 "32"
"105" 69 70 28 6 2 7 "2" 1 1 2 "32"
"106" 69 73 31 7 2 7 "2" 1 1 2 "32"
"107" 69 76 34 8 2 7 "1" 4 1 2 "32"
"108" 71 77 17 1 2 7 "3" 2 0 2 "31"
"109" 71 78 18 2 2 6 "4" 2 1 1 "31"
"110" 71 79 19 3 2 6 "4" 3 1 1 "31"
"111" 71 80 20 4 1 6 "4" 3 1 1 "31"
"112" 74 81 16 2 2 4 "3" 1 0 1 "40"
"113" 74 83 18 4 2 6 "4" 1 1 1 "40"
"114" 74 86 21 6 8 4 "2" 1 1 1 "50"
"115" 75 74 16 1 2 6 "2" 3 0 1 "31"
"116" 75 75 17 2 2 6 "2" 3 0 1 "31"
"117" 75 78 20 3 1 6 "2" 3 0 1 "31"
"118" 75 79 21 4 1 6 "2" 3 1 1 "31"
"119" 75 85 27 5 1 6 "2" 3 0 1 "20"
"120" 77 78 16 1 2 4 "2" 1 0 2 "40"
"121" 77 78 16 2 2 6 "5" 2 1 2 "31"
"122" 77 82 20 3 2 8 "2" 2 0 1 "31"
"123" 77 83 21 4 1 8 "2" 2 0 1 "31"
"124" 79 59 16 1 2 7 "4" 3 1 2 "50"
"125" 79 60 17 2 2 6 "5" 1 0 1 "32"
"126" 79 70 27 7 2 6 "2" 1 0 1 "32"
"127" 79 72 29 8 2 6 "2" 2 0 2 "31"
"128" 79 73 30 10 2 6 "2" 2 0 2 "32"
"129" 79 73 30 11 2 6 "3" 2 0 1 "32"
"130" 79 73 30 12 2 6 "3" 2 0 1 "32"
"131" 79 75 32 13 2 6 "3" 2 0 1 "32"
"132" 79 76 33 14 8 6 "2" 1 0 1 "32"
"133" 81 44 14 1 2 7 "2" 2 0 2 "40"
"134" 81 46 16 2 2 7 "4" 1 1 1 "32"
"135" 81 52 22 4 2 7 "4" 1 0 1 "40"
"136" 81 53 23 5 2 7 "4" 1 0 1 "32"
"137" 81 53 23 6 2 7 "2" 1 0 2 "32"
"138" 81 53 23 7 1 7 "2" 1 0 2 "32"
"139" 81 63 33 8 2 8 "2" 2 0 2 "31"
"140" 81 64 34 9 1 6 "2" 1 0 2 "32"
"141" 81 66 36 11 2 6 "2" 1 0 1 "32"
"142" 81 67 37 12 1 6 "2" 1 0 2 "32"
"143" 81 77 47 13 2 7 "4" 1 0 1 "32"
"144" 81 77 47 15 2 6 "2" 1 0 2 "32"
"145" 81 77 47 16 2 6 "5" 1 1 1 "20"
"146" 81 83 53 17 1 6 "5" 1 1 2 "20"
"147" 84 53 15 1 2 6 "2" 1 0 1 "32"
"148" 84 56 18 2 2 9 "4" 1 0 1 "32"
"149" 84 57 19 3 1 9 "4" 1 0 1 "32"
"150" 84 59 21 4 2 8 "2" 1 0 2 "32"
"151" 84 63 25 5 2 6 "2" 1 0 1 "32"
"152" 84 65 27 6 1 6 "2" 1 0 1 "32"
"153" 84 71 33 8 1 7 "2" 1 0 1 "32"
"154" 84 71 33 9 1 6 "2" 1 0 1 "20"
"155" 84 74 36 10 1 7 "2" 1 0 1 "20"
"156" 84 77 39 11 2 9 "3" 1 1 2 "10"
"157" 84 78 40 13 2 9 "3" 1 1 2 "10"
"158" 84 79 41 15 2 9 "3" 1 1 2 "10"
"159" 84 80 42 17 2 9 "2" 1 1 2 "32"
"160" 84 82 44 19 2 9 "2" 1 1 2 "10"
"161" 84 84 46 20 2 9 "3" 1 1 2 "10"
"162" 87 70 14 2 2 7 "4" 2 0 1 "32"
"163" 87 71 15 4 2 7 "3" 1 0 1 "40"
"164" 87 73 17 6 2 7 "5" 2 0 1 "40"
"165" 87 73 17 8 2 8 "2" 1 0 2 "32"
"166" 88 68 15 1 2 6 "3" 3 0 1 "40"
"167" 88 74 21 3 2 6 "3" 1 0 2 "32"
"168" 88 74 21 5 2 6 "5" 1 0 1 "40"
"169" 88 76 23 7 2 6 "4" 2 0 1 "40"
"170" 91 78 16 1 2 5 "2" 1 0 1 "40"
"171" 91 83 21 2 1 5 "2" 1 0 2 "32"
"172" 93 81 15 2 2 7 "3" 3 0 2 "40"
"173" 96 51 15 1 2 8 "4" 1 1 2 "40"
"174" 96 51 15 2 2 9 "2" 1 1 1 "50"
"175" 96 53 17 3 1 9 "2" 1 1 1 "32"
"176" 96 56 20 4 2 7 "5" 1 1 1 "40"
"177" 96 60 24 7 2 9 "2" 1 0 2 "31"
"178" 96 61 25 8 2 8 "2" 1 0 2 "32"
"179" 96 64 28 9 1 9 "3" 1 1 2 "32"
"180" 96 66 30 10 1 8 "2" 1 1 1 "32"
"181" 96 83 47 11 1 8 "2" 1 1 1 "32"
"182" 97 64 14 1 2 6 "5" 2 0 1 "32"
"183" 97 65 15 2 2 8 "4" 2 0 1 "32"
"184" 97 68 18 3 1 8 "4" 2 0 1 "32"
"185" 97 69 19 4 1 6 "4" 2 0 2 "32"
"186" 97 70 20 5 2 9 "5" 2 0 1 "32"
"187" 97 71 21 6 2 1 "4" 2 0 2 "32"
"188" 97 73 23 7 2 9 "2" 1 0 1 "32"
"189" 97 74 24 8 1 9 "2" 1 0 2 "20"
"190" 97 86 36 9 1 9 "2" 1 0 2 "20"
"191" 102 63 17 2 2 6 "2" 2 0 2 "32"
"192" 102 67 21 3 2 7 "5" 1 1 1 "32"
"193" 102 79 33 4 1 6 "4" 1 1 1 "20"
"194" 102 81 35 5 1 6 "5" 1 1 1 "20"
"195" 102 84 38 6 1 6 "5" 1 1 1 "20"
"196" 102 85 39 7 1 6 "5" 1 1 1 "20"
"197" 104 69 16 1 2 6 "5" 1 1 1 "20"
"198" 104 74 21 2 1 6 "5" 1 1 1 "20"
"199" 104 75 22 3 2 6 "5" 1 1 1 "20"
"200" 104 77 24 4 1 6 "5" 2 1 2 "20"
"201" 105 59 18 1 2 6 "2" 1 0 2 "10"
"202" 105 78 37 5 1 7 "5" 1 0 2 "20"
"203" 107 80 22 1 1 8 "3" 2 0 1 "20"
"204" 107 82 24 2 1 9 "3" 2 0 1 "20"
"205" 107 85 27 3 1 7 "3" 2 0 2 "20"
"206" 107 85 27 4 1 9 "3" 2 0 1 "20"
"207" 109 81 16 1 2 6 "2" 1 0 1 "31"
"208" 109 81 16 3 2 6 "3" 1 0 2 "40"
"209" 109 81 16 4 2 6 "2" 1 0 2 "32"
"210" 109 82 17 6 2 6 "2" 1 0 2 "32"
"211" 109 83 18 8 2 4 "5" 1 0 1 "40"
"212" 109 84 19 9 2 6 "2" 1 0 2 "40"
"213" 109 85 20 11 2 6 "3" 1 0 2 "40"
"214" 110 78 16 1 2 6 "5" 1 0 2 "10"
"215" 110 82 20 2 1 6 "4" 1 0 1 "31"
"216" 110 85 23 3 1 6 "4" 1 0 1 "20"
"217" 111 65 17 1 2 6 "5" 1 0 1 "32"
"218" 111 67 19 2 2 6 "5" 1 0 2 "31"
"219" 111 67 19 3 2 5 "3" 1 0 2 "31"
"220" 111 70 22 4 2 6 "5" 1 0 1 "31"
"221" 111 72 24 5 2 6 "5" 1 0 1 "31"
"222" 111 74 26 6 2 6 "5" 1 0 1 "31"
"223" 111 80 32 7 2 6 "5" 1 1 2 "31"
"224" 111 84 36 8 2 6 "5" 1 1 2 "31"
"225" 115 80 15 2 2 6 "2" 2 0 2 "32"
"226" 115 85 20 4 2 6 "4" 2 0 1 "40"
"227" 116 82 19 1 2 6 "4" 2 1 1 "40"
"228" 116 83 20 2 1 6 "4" 2 1 1 "20"
"229" 116 83 20 3 1 7 "2" 2 1 1 "20"
"230" 116 84 21 4 1 6 "4" 2 1 1 "20"
"231" 116 85 22 5 1 6 "4" 1 1 1 "20"
"232" 117 57 15 1 2 6 "4" 2 1 2 "50"
"233" 117 69 27 4 1 6 "3" 1 1 2 "32"
"234" 117 72 30 5 2 6 "4" 2 1 1 "50"
"235" 117 74 32 6 2 6 "4" 2 0 2 "32"
"236" 117 78 36 8 1 6 "3" 1 1 1 "40"
"237" 117 80 38 9 2 6 "4" 2 1 1 "40"
"238" 117 80 38 10 2 6 "4" 1 1 2 "32"
"239" 125 76 25 1 2 7 "2" 2 1 1 "20"
"240" 127 75 15 1 2 7 "3" 2 0 2 "32"
"241" 127 76 16 3 2 6 "2" 1 0 2 "50"
"242" 127 78 18 5 2 6 "2" 1 0 2 "50"
"243" 127 79 19 6 2 9 "1" 1 0 2 "40"
"244" 127 83 23 8 2 6 "3" 1 0 2 "40"
"245" 127 83 23 9 2 4 "3" 1 0 2 "40"
"246" 127 84 24 11 2 6 "3" 1 1 2 "32"
"247" 130 44 14 1 2 7 "2" 2 0 2 "40"
"248" 130 48 18 2 2 7 "3" 1 0 2 "40"
"249" 130 50 20 3 2 9 "2" 1 0 2 "40"
"250" 130 53 23 4 2 7 "3" 1 0 1 "40"
"251" 130 56 26 5 2 7 "4" 1 1 1 "50"
"252" 130 60 30 6 2 7 "3" 2 1 1 "50"
"253" 130 69 39 7 2 7 "5" 2 1 1 "40"
"254" 133 57 14 1 2 6 "4" 1 0 2 "32"
"255" 133 57 14 2 2 6 "4" 1 1 1 "40"
"256" 133 59 16 3 2 6 "4" 1 1 1 "40"
"257" 133 65 22 8 2 6 "2" 1 0 2 "32"
"258" 133 65 22 9 2 6 "4" 1 0 2 "32"
"259" 133 65 22 10 2 6 "4" 1 0 2 "32"
"260" 133 66 23 11 2 6 "2" 1 0 2 "32"
"261" 133 67 24 12 2 6 "4" 1 0 2 "32"
"262" 133 67 24 13 2 6 "2" 2 0 2 "32"
"263" 133 67 24 15 2 6 "2" 1 0 2 "32"
"264" 133 67 24 16 2 6 "5" 1 0 2 "32"
"265" 133 68 25 17 2 6 "2" 2 0 2 "40"
"266" 133 68 25 18 2 6 "2" 1 1 2 "32"
"267" 133 68 25 19 1 6 "4" 3 1 2 "40"
"268" 133 72 29 20 1 6 "2" 1 0 2 "32"
"269" 133 73 30 21 2 6 "2" 1 0 2 "32"
"270" 133 75 32 22 2 6 "2" 1 0 2 "32"
"271" 133 76 33 23 2 6 "1" 4 0 1 "10"
"272" 133 82 39 24 2 6 "4" 2 0 2 "20"
"273" 133 82 39 25 8 6 "4" 4 0 2 "10"
"274" 135 65 15 1 2 6 "2" 3 0 2 "32"
"275" 135 65 15 2 2 6 "2" 1 0 1 "50"
"276" 135 66 16 3 2 6 "3" 3 1 1 "50"
"277" 135 69 19 4 2 6 "3" 3 1 1 "50"
"278" 135 70 20 5 2 6 "2" 1 1 2 "50"
"279" 135 70 20 6 2 6 "3" 2 1 1 "50"
"280" 135 73 23 7 2 6 "2" 1 1 2 "50"
"281" 135 74 24 8 2 7 "4" 1 1 1 "50"
"282" 136 57 17 2 2 7 "4" 3 0 2 "40"
"283" 136 59 19 3 2 7 "3" 2 0 2 "32"
"284" 136 60 20 4 2 7 "3" 2 0 2 "32"
"285" 136 65 25 6 2 6 "5" 1 0 1 "40"
"286" 136 68 28 7 2 6 "2" 1 0 2 "32"
"287" 136 79 39 14 2 6 "2" 1 0 2 "40"
"288" 136 81 41 18 2 6 "3" 1 1 2 "40"
"289" 147 61 15 1 2 6 "3" 1 1 1 "32"
"290" 147 67 21 2 2 9 "3" 1 1 1 "20"
"291" 147 69 23 3 1 9 "3" 1 1 1 "20"
"292" 147 70 24 4 1 9 "3" 1 1 1 "20"
"293" 147 71 25 5 1 9 "3" 1 1 1 "20"
"294" 147 84 38 7 2 6 "4" 2 0 1 "32"
"295" 149 65 21 2 2 7 "4" 2 1 2 "40"
"296" 149 65 21 3 2 7 "4" 2 1 2 "50"
"297" 149 66 22 4 2 8 "4" 2 1 2 "50"
"298" 149 66 22 5 2 8 "4" 2 1 2 "40"
"299" 155 71 15 1 2 6 "2" 1 0 2 "32"
"300" 155 72 16 2 2 7 "2" 1 0 2 "32"
"301" 155 75 19 3 2 8 "2" 1 0 2 "31"
"302" 155 77 21 4 2 6 "2" 1 0 2 "40"
"303" 155 80 24 5 2 6 "2" 1 0 2 "50"
"304" 155 81 25 6 2 8 "2" 1 0 2 "32"
"305" 155 82 26 7 2 7 "3" 1 0 2 "32"
"306" 155 86 30 9 2 7 "2" 1 0 1 "50"
"307" 156 80 16 1 2 7 "4" 2 0 1 "40"
"308" 156 80 16 2 2 6 "4" 2 1 1 "40"
"309" 156 81 17 3 2 6 "4" 2 1 1 "50"
"310" 161 82 16 1 2 6 "4" 1 0 1 "32"
"311" 162 67 15 1 2 6 "5" 1 0 1 "32"
"312" 162 68 16 2 1 9 "5" 1 0 1 "20"
"313" 162 73 21 3 2 6 "4" 1 0 2 "32"
"314" 162 74 22 4 2 9 "2" 1 1 1 "32"
"315" 162 75 23 5 2 6 "4" 1 1 1 "32"
"316" 162 76 24 6 2 9 "4" 1 0 1 "32"
"317" 162 79 27 7 1 9 "2" 1 0 1 "32"
"318" 162 84 32 9 2 9 "2" 1 0 2 "32"
"319" 164 72 22 1 2 3 "2" 2 1 2 "20"
"320" 164 74 24 3 1 4 "3" 2 1 1 "20"
"321" 164 75 25 4 1 4 "3" 2 1 2 "20"
"322" 164 84 34 5 1 4 "3" 2 1 1 "10"
"323" 169 79 15 1 2 7 "3" 2 0 1 "32"
"324" 169 79 15 2 2 6 "3" 1 0 1 "32"
"325" 169 80 16 3 2 7 "3" 2 0 1 "32"
"326" 169 86 22 4 2 7 "2" 2 0 1 "32"
"327" 170 52 15 1 2 9 "2" 1 0 1 "40"
"328" 170 56 19 3 8 9 "3" 3 0 2 "32"
"329" 170 57 20 4 8 9 "3" 3 0 1 "32"
"330" 170 63 26 5 1 6 "3" 3 0 1 "20"
"331" 170 67 30 6 1 6 "2" 1 0 2 "20"
"332" 170 70 33 7 8 9 "3" 1 1 2 "32"
"333" 170 73 36 8 8 9 "2" 1 0 2 "32"
"334" 170 82 45 9 2 9 "2" 1 0 2 "32"
"335" 170 84 47 10 8 9 "2" 1 1 2 "31"
"336" 172 79 15 1 2 6 "2" 1 0 1 "32"
"337" 174 42 14 1 2 9 "2" 2 0 2 "40"
"338" 174 48 20 3 2 8 "4" 1 1 2 "32"
"339" 174 51 23 4 2 7 "4" 1 1 2 "32"
"340" 174 52 24 5 2 8 "5" 1 1 2 "50"
"341" 174 56 28 7 2 8 "4" 2 1 1 "40"
"342" 174 73 45 8 2 6 "4" 2 1 2 "40"
"343" 181 56 15 1 2 7 "2" 1 1 1 "32"
"344" 181 60 19 2 2 9 "4" 1 1 1 "40"
"345" 181 63 22 3 2 7 "2" 1 1 2 "40"
"346" 181 65 24 4 2 7 "4" 2 1 2 "32"
"347" 181 67 26 5 2 9 "5" 1 1 1 "40"
"348" 181 72 31 7 2 6 "4" 1 1 1 "32"
"349" 181 77 36 8 1 9 "5" 1 1 1 "32"
"350" 183 69 14 1 2 6 "2" 1 0 2 "32"
"351" 183 76 21 2 2 6 "2" 2 1 2 "40"
"352" 183 76 21 3 2 6 "5" 2 0 2 "40"
"353" 183 85 30 5 2 6 "5" 2 0 2 "40"
"354" 185 76 19 2 2 9 "2" 1 0 2 "40"
"355" 185 76 19 3 2 6 "4" 2 1 1 "50"
"356" 185 76 19 4 2 6 "4" 2 1 1 "32"
"357" 185 78 21 5 2 3 "5" 2 1 1 "32"
"358" 188 62 17 1 2 6 "4" 1 0 1 "32"
"359" 188 64 19 2 1 6 "3" 1 1 1 "10"
"360" 188 72 27 3 2 6 "4" 1 1 1 "10"
"361" 188 74 29 4 1 9 "2" 1 1 1 "20"
"362" 189 82 16 1 2 9 "2" 1 0 2 "50"
"363" 189 84 18 3 2 9 "2" 1 0 2 "50"
"364" 189 86 20 5 2 6 "2" 1 0 2 "50"
"365" 189 86 20 7 2 6 "2" 1 0 2 "50"
"366" 190 66 16 1 2 7 "3" 1 1 2 "32"
"367" 190 70 20 2 2 9 "4" 1 1 2 "32"
"368" 190 73 23 3 2 9 "5" 1 1 2 "32"
"369" 190 73 23 4 2 8 "3" 1 1 2 "32"
"370" 190 75 25 5 2 9 "2" 1 1 2 "32"
"371" 190 78 28 6 2 8 "3" 1 1 2 "32"
"372" 192 62 15 1 2 7 "5" 1 1 2 "32"
"373" 192 66 19 2 1 9 "5" 2 0 1 "32"
"374" 192 70 23 3 1 7 "4" 2 0 2 "32"
"375" 192 70 23 4 1 7 "3" 1 1 1 "31"
"376" 194 81 16 1 2 6 "3" 1 0 2 "40"
"377" 194 83 18 3 2 6 "3" 1 0 2 "32"
"378" 194 83 18 4 2 6 "2" 1 0 2 "50"
"379" 194 83 18 5 2 4 "2" 1 0 2 "40"
"380" 194 85 20 7 2 4 "3" 1 0 2 "40"
"381" 195 72 15 1 2 6 "4" 3 0 2 "32"
"382" 195 76 19 2 2 6 "4" 1 1 1 "40"
"383" 195 77 20 3 2 6 "4" 3 0 2 "32"
"384" 195 78 21 4 2 6 "4" 1 1 2 "40"
"385" 205 61 17 1 2 7 "5" 2 0 1 "31"
"386" 205 65 21 2 1 7 "5" 2 0 1 "20"
"387" 205 70 26 3 1 8 "2" 2 0 1 "10"
"388" 205 84 40 4 1 6 "2" 2 0 1 "31"
"389" 212 81 15 1 2 6 "2" 1 0 1 "32"
"390" 212 82 16 2 2 6 "3" 2 1 1 "40"
"391" 212 84 18 3 2 9 "2" 1 0 1 "32"
"392" 216 57 15 1 2 7 "4" 1 1 2 "32"
"393" 216 63 21 2 2 7 "4" 1 1 2 "32"
"394" 216 64 22 3 2 7 "3" 1 1 1 "32"
"395" 216 65 23 4 2 7 "4" 1 1 2 "32"
"396" 216 67 25 5 2 7 "4" 1 1 2 "32"
"397" 217 52 14 1 2 6 "4" 1 0 1 "10"
"398" 217 57 19 3 1 6 "5" 1 0 1 "40"
"399" 217 58 20 4 2 8 "2" 1 1 2 "32"
"400" 217 63 25 5 2 9 "3" 1 0 2 "40"
"401" 217 64 26 6 1 7 "3" 1 0 1 "10"
"402" 220 65 19 1 2 6 "2" 1 0 2 "50"
"403" 220 65 19 2 2 6 "4" 1 0 1 "31"
"404" 220 66 20 3 2 6 "4" 1 0 1 "20"
"405" 220 69 23 4 1 6 "4" 2 0 1 "20"
"406" 220 70 24 5 2 6 "2" 1 0 2 "10"
"407" 220 71 25 7 1 6 "4" 1 0 2 "20"
"408" 220 76 30 8 1 6 "5" 2 0 1 "20"
"409" 220 83 37 9 1 6 "4" 2 0 2 "20"
"410" 220 84 38 10 1 5 "4" 2 1 1 "20"
"411" 221 56 15 1 2 7 "4" 1 1 1 "32"
"412" 221 56 15 2 2 7 "4" 1 1 2 "32"
"413" 221 67 26 3 2 7 "4" 1 1 2 "32"
"414" 223 77 20 1 1 8 "3" 3 0 1 "20"
"415" 223 78 21 2 2 5 "2" 2 1 1 "20"
"416" 223 79 22 3 1 5 "2" 2 1 1 "20"
"417" 223 82 25 4 2 5 "2" 2 1 1 "20"
"418" 226 74 23 5 1 6 "4" 1 1 1 "40"
"419" 226 76 25 6 1 6 "2" 2 1 2 "20"
"420" 226 78 27 9 2 6 "3" 1 1 1 "32"
"421" 226 80 29 10 2 6 "3" 1 1 1 "32"
"422" 226 84 33 11 2 9 "3" 2 0 1 "20"
"423" 228 44 14 1 2 7 "2" 2 0 1 "50"
"424" 228 46 16 2 2 7 "2" 1 1 2 "32"
"425" 228 47 17 3 2 7 "3" 1 1 1 "32"
"426" 228 50 20 4 2 7 "3" 1 1 1 "32"
"427" 228 51 21 5 2 6 "2" 1 1 2 "32"
"428" 228 57 27 6 2 6 "3" 1 1 2 "32"
"429" 228 62 32 7 2 6 "2" 1 1 2 "32"
"430" 228 62 32 8 2 6 "3" 1 1 2 "32"
"431" 228 67 37 9 2 6 "3" 1 1 2 "32"
"432" 228 72 42 10 2 6 "2" 1 1 2 "32"
"433" 228 73 43 11 2 6 "3" 1 1 2 "32"
"434" 228 74 44 12 2 6 "3" 1 1 2 "32"
"435" 228 74 44 13 2 6 "3" 1 1 2 "32"
"436" 228 84 54 15 2 6 "3" 1 1 2 "32"
"437" 229 52 15 1 2 7 "4" 1 1 2 "50"
"438" 229 54 17 2 2 7 "4" 1 1 1 "40"
"439" 229 57 20 5 2 7 "4" 1 1 1 "40"
"440" 229 58 21 6 2 8 "2" 1 1 2 "40"
"441" 229 60 23 7 2 7 "4" 1 1 1 "40"
"442" 229 68 31 8 1 7 "4" 1 1 2 "40"
"443" 229 80 43 9 2 9 "3" 1 1 1 "32"
"444" 229 84 47 10 1 6 "3" 1 1 2 "32"
"445" 230 81 16 2 2 6 "2" 1 0 2 "40"
"446" 230 82 17 3 2 9 "2" 1 0 2 "40"
"447" 230 83 18 5 2 9 "3" 2 0 1 "40"
"448" 231 79 16 1 2 6 "3" 1 1 2 "50"
"449" 231 81 18 3 2 6 "3" 1 1 2 "50"
"450" 233 75 24 1 1 9 "4" 2 1 1 "10"
"451" 233 80 29 3 1 9 "4" 2 0 1 "10"
"452" 234 81 16 1 2 6 "2" 1 0 2 "40"
"453" 246 75 16 1 2 6 "4" 2 0 2 "31"
"454" 246 76 17 2 2 6 "2" 1 0 1 "31"
"455" 246 77 18 3 2 6 "2" 1 0 2 "40"
"456" 246 86 27 4 1 6 "2" 2 1 1 "32"
"457" 253 66 25 2 2 9 "4" 3 0 1 "10"
"458" 253 66 25 3 1 9 "5" 3 0 1 "10"
"459" 253 69 28 4 2 9 "5" 3 0 1 "10"
"460" 253 70 29 5 1 9 "5" 3 0 1 "10"
"461" 253 70 29 6 1 7 "5" 3 0 1 "20"
"462" 253 72 31 7 1 9 "5" 3 0 1 "20"
"463" 253 73 32 8 1 6 "5" 3 0 2 "10"
"464" 257 67 15 1 2 6 "2" 1 0 2 "32"
"465" 257 74 22 2 2 6 "4" 1 0 2 "32"
"466" 257 76 24 3 2 6 "5" 2 1 1 "32"
"467" 257 78 26 4 2 6 "3" 1 0 1 "32"
"468" 258 53 15 1 2 7 "2" 1 1 2 "32"
"469" 258 59 21 2 2 7 "2" 1 1 2 "32"
"470" 258 62 24 4 2 6 "2" 1 1 2 "32"
"471" 258 62 24 5 2 6 "5" 2 0 1 "31"
"472" 258 69 31 6 2 6 "5" 2 0 1 "31"
"473" 258 72 34 7 2 6 "5" 2 0 1 "20"
"474" 258 76 38 8 2 6 "5" 2 0 1 "31"
"475" 258 78 40 9 1 6 "5" 2 0 1 "20"
"476" 258 80 42 10 2 6 "5" 2 0 1 "20"
"477" 258 82 44 11 1 6 "5" 2 0 1 "20"
"478" 258 83 45 12 1 6 "5" 2 0 1 "20"
"479" 259 61 15 1 2 7 "5" 1 1 1 "32"
"480" 259 69 23 2 2 6 "4" 1 1 1 "32"
"481" 259 70 24 3 2 6 "5" 1 1 1 "32"
"482" 259 71 25 4 2 6 "4" 1 1 1 "20"
"483" 259 77 31 5 1 6 "4" 1 1 1 "20"
"484" 259 80 34 6 1 6 "4" 1 1 1 "20"
"485" 259 84 38 7 1 6 "4" 1 1 1 "20"
"486" 262 69 15 1 2 6 "4" 1 1 2 "40"
"487" 262 73 19 2 2 6 "4" 1 1 2 "40"
"488" 262 74 20 3 2 6 "4" 1 1 2 "40"
"489" 262 75 21 4 2 6 "3" 1 1 2 "40"
"490" 262 83 29 6 2 6 "2" 1 1 2 "40"
"491" 262 84 30 8 2 6 "3" 1 1 2 "40"
"492" 262 85 31 10 8 6 "3" 1 1 2 "40"
"493" 265 81 18 1 2 6 "5" 2 0 1 "31"
"494" 265 83 20 2 2 6 "5" 2 0 1 "31"
"495" 265 83 20 3 2 6 "2" 1 0 1 "20"
"496" 265 85 22 4 1 7 "5" 3 0 1 "31"
"497" 271 44 14 1 2 8 "2" 1 1 2 "32"
"498" 271 51 21 3 2 7 "5" 1 1 1 "32"
"499" 271 56 26 4 1 6 "4" 1 1 1 "32"
"500" 271 66 36 5 1 6 "4" 1 1 1 "32"
"501" 271 78 48 6 1 6 "2" 2 1 1 "20"
"502" 271 84 54 8 2 6 "4" 1 1 2 "32"
"503" 278 79 17 1 2 6 "2" 1 0 2 "40"
"504" 278 79 17 2 2 6 "2" 1 0 2 "32"
"505" 278 80 18 3 2 6 "2" 2 1 2 "40"
"506" 279 74 17 1 2 6 "2" 2 0 1 "32"
"507" 279 77 20 2 2 6 "2" 2 0 1 "32"
"508" 281 77 22 1 2 7 "3" 1 0 2 "50"
"509" 281 77 22 3 2 7 "4" 1 0 2 "50"
"510" 281 77 22 4 2 8 "2" 3 1 1 "20"
"511" 281 79 24 5 1 9 "2" 3 1 1 "20"
"512" 281 81 26 6 1 9 "2" 3 1 1 "20"
"513" 281 83 28 7 1 9 "2" 3 1 1 "20"
"514" 281 85 30 8 1 9 "2" 3 1 1 "20"
"515" 282 70 18 1 2 6 "5" 2 1 1 "31"
"516" 282 73 21 2 2 6 "5" 2 1 1 "40"
"517" 282 75 23 3 1 6 "5" 2 1 1 "31"
"518" 282 76 24 4 1 6 "5" 2 1 1 "31"
"519" 282 77 25 5 1 6 "5" 2 1 1 "31"
"520" 282 77 25 6 2 6 "5" 2 1 1 "20"
"521" 282 79 27 7 2 6 "4" 2 1 1 "20"
"522" 282 80 28 8 2 6 "5" 1 1 1 "20"
"523" 282 82 30 9 2 6 "5" 1 1 1 "20"
"524" 285 66 14 1 2 7 "4" 2 1 1 "10"
"525" 285 69 17 2 1 7 "5" 2 1 1 "50"
"526" 285 71 19 3 2 8 "2" 1 1 2 "40"
"527" 285 73 21 4 2 7 "3" 1 1 2 "32"
"528" 285 73 21 5 2 8 "5" 1 1 2 "50"
"529" 285 77 25 6 1 7 "4" 1 0 1 "32"
"530" 286 59 15 1 2 7 "2" 3 0 1 "40"
"531" 286 63 19 2 1 8 "3" 3 0 2 "32"
"532" 286 82 38 4 1 6 "2" 3 0 2 "32"
"533" 291 63 15 1 2 6 "2" 2 1 1 "32"
"534" 291 69 21 2 2 6 "2" 1 1 2 "32"
"535" 291 69 21 3 2 9 "5" 2 1 2 "32"
"536" 291 69 21 4 2 9 "5" 2 1 2 "32"
"537" 291 70 22 5 2 9 "2" 1 0 2 "32"
"538" 291 70 22 6 2 6 "4" 1 1 2 "32"
"539" 291 72 24 7 1 7 "2" 1 0 1 "32"
"540" 292 81 16 1 2 6 "2" 1 0 2 "40"
"541" 292 82 17 2 2 6 "2" 2 0 1 "40"
"542" 292 84 19 3 2 8 "2" 2 0 1 "32"
"543" 292 85 20 4 2 6 "2" 1 0 2 "40"
"544" 297 64 17 2 2 9 "3" 1 0 2 "40"
"545" 297 65 18 3 2 9 "4" 1 0 2 "32"
"546" 297 65 18 4 2 9 "3" 1 0 2 "32"
"547" 297 66 19 5 2 9 "3" 1 1 2 "32"
"548" 297 67 20 6 2 9 "3" 1 1 2 "32"
"549" 297 68 21 7 2 9 "3" 1 1 2 "32"
"550" 297 71 24 8 1 9 "4" 1 1 2 "32"
"551" 297 73 26 9 2 9 "4" 1 1 2 "32"
"552" 297 73 26 10 2 9 "4" 1 1 2 "32"
"553" 297 74 27 11 1 9 "4" 1 1 2 "32"
"554" 297 74 27 12 2 9 "4" 1 1 2 "32"
"555" 297 75 28 13 2 9 "4" 1 1 2 "32"
"556" 297 75 28 14 2 9 "4" 1 1 2 "32"
"557" 297 76 29 15 2 9 "4" 1 1 2 "32"
"558" 297 76 29 16 2 9 "4" 1 1 2 "32"
"559" 297 77 30 17 2 9 "4" 1 1 2 "32"
"560" 297 79 32 19 2 9 "4" 1 1 2 "32"
"561" 297 79 32 20 2 9 "3" 1 1 2 "32"
"562" 297 79 32 21 2 9 "4" 1 1 2 "40"
"563" 297 79 32 22 2 9 "4" 1 1 2 "32"
"564" 297 80 33 23 2 9 "4" 1 1 2 "32"
"565" 297 80 33 24 2 9 "4" 1 1 2 "32"
"566" 297 84 37 26 2 9 "4" 1 1 2 "32"
"567" 297 84 37 27 2 9 "4" 1 1 2 "32"
"568" 299 57 25 4 2 9 "5" 1 1 2 "40"
"569" 299 57 25 5 2 9 "5" 1 0 2 "40"
"570" 299 60 28 6 2 9 "4" 1 0 2 "40"
"571" 299 61 29 7 2 6 "4" 1 0 2 "40"
"572" 299 63 31 8 2 6 "5" 1 0 2 "40"
"573" 299 64 32 9 2 9 "5" 1 0 2 "40"
"574" 299 75 43 10 2 9 "5" 1 0 2 "40"
"575" 300 58 30 3 2 9 "5" 1 1 2 "50"
"576" 300 59 31 4 2 9 "2" 1 0 2 "40"
"577" 300 61 33 5 2 9 "4" 1 1 2 "32"
"578" 300 65 37 6 2 9 "5" 1 1 2 "32"
"579" 300 69 41 7 2 8 "5" 1 1 2 "32"
"580" 300 76 48 8 2 9 "5" 1 1 2 "50"
"581" 301 55 26 2 2 9 "4" 1 1 2 "32"
"582" 302 73 21 2 2 6 "4" 2 1 2 "10"
"583" 302 78 26 3 2 6 "3" 1 0 2 "10"
"584" 302 81 29 5 2 6 "3" 2 0 1 "10"
"585" 302 85 33 6 2 6 "3" 1 0 1 "10"
"586" 302 85 33 7 2 6 "3" 1 0 1 "10"
"587" 302 86 34 8 1 6 "3" 1 0 1 "10"
"588" 305 59 15 1 2 6 "4" 2 0 2 "50"
"589" 305 60 16 2 2 7 "1" 4 0 2 "40"
"590" 305 65 21 3 2 6 "1" 4 0 2 "40"
"591" 305 65 21 4 2 5 "4" 2 1 2 "50"
"592" 305 68 24 5 2 6 "2" 1 0 2 "50"
"593" 305 70 26 6 2 5 "5" 1 1 2 "50"
"594" 305 72 28 7 2 6 "4" 1 1 2 "50"
"595" 313 63 16 2 2 4 "2" 1 1 2 "32"
"596" 313 68 21 3 2 6 "4" 4 1 1 "32"
"597" 313 69 22 4 2 9 "4" 2 0 1 "32"
"598" 313 71 24 5 1 9 "4" 2 0 1 "32"
"599" 313 74 27 6 1 9 "4" 2 0 1 "32"
"600" 313 79 32 7 1 9 "4" 2 0 1 "32"
"601" 313 81 34 8 1 9 "4" 2 0 2 "20"
"602" 313 83 36 9 1 6 "4" 1 0 1 "20"
"603" 314 46 14 1 2 7 "4" 1 0 1 "32"
"604" 314 47 15 2 2 7 "5" 1 0 1 "40"
"605" 314 47 15 3 2 7 "5" 2 0 1 "40"
"606" 314 54 22 8 2 9 "5" 1 0 2 "40"
"607" 314 55 23 10 2 6 "4" 1 1 2 "40"
"608" 314 58 26 11 2 9 "4" 1 0 2 "32"
"609" 314 61 29 13 2 9 "4" 1 0 2 "50"
"610" 314 62 30 14 2 6 "4" 1 1 2 "32"
"611" 314 66 34 15 2 6 "5" 2 0 2 "32"
"612" 314 67 35 16 2 9 "5" 4 0 2 "40"
"613" 314 69 37 18 2 6 "5" 4 1 2 "40"
"614" 316 44 14 1 2 7 "2" 1 0 2 "32"
"615" 316 45 15 2 2 7 "2" 1 0 2 "32"
"616" 316 45 15 3 2 7 "4" 1 1 2 "40"
"617" 316 50 20 4 2 7 "3" 1 1 2 "40"
"618" 316 53 23 5 1 7 "4" 1 0 2 "20"
"619" 316 56 26 6 2 7 "4" 1 1 2 "32"
"620" 316 62 32 7 2 9 "4" 1 0 2 "40"
"621" 316 64 34 8 2 6 "4" 1 0 2 "40"
"622" 316 66 36 9 2 6 "3" 1 0 2 "40"
"623" 316 69 39 10 2 6 "2" 1 0 2 "40"
"624" 316 74 44 11 1 7 "5" 1 1 2 "40"
"625" 327 80 16 1 2 6 "2" 1 0 2 "32"
"626" 327 84 20 3 2 6 "2" 1 0 2 "32"
"627" 327 84 20 4 2 6 "4" 1 0 1 "32"
"628" 327 85 21 6 2 7 "3" 2 0 1 "40"
"629" 330 59 14 1 2 6 "3" 1 1 2 "32"
"630" 330 60 15 2 2 6 "2" 1 0 2 "32"
"631" 330 66 21 3 2 7 "3" 1 0 1 "32"
"632" 330 70 25 4 1 7 "2" 1 0 1 "32"
"633" 330 80 35 6 2 6 "4" 1 1 1 "20"
"634" 332 77 16 2 2 6 "3" 1 0 2 "32"
"635" 332 81 20 4 2 6 "3" 1 0 1 "40"
"636" 332 83 22 6 2 6 "2" 1 0 1 "40"
"637" 334 73 18 1 2 6 "5" 3 1 1 "31"
"638" 334 74 19 2 2 6 "4" 3 1 1 "20"
"639" 334 78 23 3 1 6 "5" 3 1 1 "20"
"640" 334 83 28 4 1 6 "5" 3 1 1 "20"
"641" 334 86 31 5 1 6 "5" 3 1 1 "20"
"642" 336 84 23 2 1 6 "4" 1 1 1 "32"
"643" 341 64 38 4 1 8 "4" 1 1 1 "40"
"644" 341 67 41 5 1 9 "4" 2 1 2 "32"
"645" 343 81 21 1 2 2 "2" 2 0 2 "40"
"646" 343 81 21 2 1 8 "2" 2 0 1 "20"
"647" 343 82 22 3 2 5 "3" 2 1 1 "31"
"648" 343 84 24 4 1 5 "2" 2 1 1 "31"
"649" 343 85 25 5 1 5 "2" 2 1 1 "20"
"650" 346 70 15 1 2 7 "3" 1 0 2 "32"
"651" 346 73 18 2 2 6 "5" 1 0 2 "32"
"652" 346 75 20 3 2 8 "4" 1 0 2 "32"
"653" 346 77 22 4 2 8 "5" 1 1 1 "32"
"654" 346 85 30 6 2 8 "5" 1 1 2 "32"
"655" 348 60 15 1 2 6 "3" 1 0 2 "32"
"656" 348 62 17 2 2 9 "4" 1 1 2 "40"
"657" 348 65 20 3 2 9 "3" 1 1 1 "50"
"658" 348 66 21 4 2 9 "4" 1 1 1 "32"
"659" 348 66 21 5 2 9 "4" 2 1 2 "32"
"660" 348 68 23 6 2 9 "4" 1 1 2 "32"
"661" 348 72 27 8 2 9 "4" 2 0 2 "32"
"662" 348 78 33 10 2 9 "3" 1 0 2 "50"
"663" 348 81 36 11 2 6 "4" 2 0 2 "50"
"664" 348 81 36 12 2 9 "4" 2 0 2 "50"
"665" 349 49 15 1 2 7 "5" 1 0 2 "31"
"666" 349 51 17 2 2 6 "2" 1 0 2 "40"
"667" 349 54 20 5 2 7 "5" 1 0 2 "32"
"668" 349 54 20 6 2 4 "2" 1 0 2 "50"
"669" 349 55 21 7 1 6 "5" 1 0 1 "32"
"670" 349 57 23 8 2 6 "5" 2 0 1 "50"
"671" 349 61 27 9 1 6 "3" 1 0 1 "31"
"672" 349 62 28 10 2 6 "4" 1 0 2 "32"
"673" 349 62 28 11 2 6 "2" 1 0 2 "32"
"674" 349 63 29 12 8 6 "4" 1 0 2 "32"
"675" 349 64 30 13 2 6 "2" 1 0 2 "32"
"676" 349 68 34 14 2 6 "2" 1 0 2 "32"
"677" 349 70 36 15 2 6 "2" 1 0 2 "32"
"678" 349 75 41 16 2 6 "2" 1 0 2 "50"
"679" 349 80 46 18 8 6 "2" 1 0 2 "32"
"680" 349 80 46 20 2 6 "5" 1 1 2 "32"
"681" 351 68 14 2 2 7 "5" 1 0 1 "50"
"682" 351 70 16 3 2 7 "5" 1 0 2 "32"
"683" 351 70 16 4 2 7 "5" 1 1 1 "40"
"684" 351 70 16 5 2 7 "5" 1 1 1 "40"
"685" 351 72 18 6 2 6 "4" 2 0 1 "40"
"686" 351 73 19 7 2 7 "4" 4 0 1 "20"
"687" 351 74 20 8 2 6 "1" 4 0 1 "20"
"688" 351 76 22 9 1 8 "1" 4 0 2 "20"
"689" 353 59 16 1 2 6 "2" 2 0 2 "40"
"690" 353 65 22 5 2 6 "2" 3 0 2 "40"
"691" 353 68 25 7 2 6 "2" 3 1 2 "40"
"692" 353 76 33 10 2 6 "3" 3 0 2 "20"
"693" 353 78 35 11 1 6 "3" 3 1 2 "40"
"694" 353 84 41 14 2 6 "3" 3 1 2 "40"
"695" 356 70 21 1 2 6 "3" 1 1 1 "31"
"696" 356 71 22 3 2 6 "3" 1 1 1 "31"
"697" 356 73 24 4 2 6 "4" 1 1 1 "20"
"698" 356 74 25 5 1 6 "4" 1 1 2 "32"
"699" 356 77 28 6 2 6 "4" 1 1 2 "32"
"700" 356 84 35 7 1 6 "4" 1 1 2 "20"
"701" 357 67 17 1 2 6 "5" 3 1 1 "31"
"702" 357 68 18 2 2 6 "5" 3 1 1 "31"
"703" 357 73 23 3 1 6 "4" 3 1 1 "20"
"704" 357 75 25 4 1 6 "5" 3 1 1 "20"
"705" 357 84 34 5 1 6 "5" 3 1 1 "20"
"706" 359 67 14 1 2 6 "4" 2 0 1 "50"
"707" 359 69 16 2 2 6 "3" 1 0 2 "50"
"708" 359 69 16 3 8 6 "3" 1 0 2 "50"
"709" 359 80 27 4 2 6 "4" 2 1 2 "40"
"710" 359 82 29 5 2 6 "2" 1 0 2 "50"
"711" 359 83 30 6 2 6 "4" 1 0 2 "50"
"712" 359 84 31 7 1 8 "4" 2 0 1 "40"
"713" 360 80 15 1 2 5 "2" 1 0 2 "50"
"714" 360 80 15 2 2 6 "2" 1 0 1 "32"
"715" 360 82 17 4 2 6 "1" 1 0 1 "32"
"716" 360 82 17 5 8 6 "3" 2 0 1 "40"
"717" 360 83 18 6 8 6 "2" 2 1 1 "32"
"718" 360 84 19 7 8 6 "2" 2 1 1 "32"
"719" 360 86 21 8 8 6 "2" 2 1 1 "40"
"720" 361 78 19 4 2 6 "4" 2 0 2 "40"
"721" 361 85 26 8 8 6 "3" 2 0 2 "32"
"722" 361 86 27 10 2 7 "3" 2 0 1 "20"
"723" 364 65 15 1 2 6 "2" 1 1 1 "32"
"724" 364 67 17 3 2 7 "2" 1 1 1 "50"
"725" 364 73 23 7 8 6 "2" 1 0 2 "40"
"726" 364 75 25 9 2 9 "2" 1 1 1 "40"
"727" 364 76 26 11 8 9 "3" 1 0 1 "32"
"728" 364 82 32 13 2 9 "2" 1 0 1 "40"
"729" 366 81 16 1 2 6 "2" 3 0 1 "50"
"730" 366 82 17 2 2 6 "2" 3 0 1 "31"
"731" 368 83 17 2 2 6 "4" 2 1 2 "40"
"732" 370 54 15 1 2 6 "5" 1 1 1 "40"
"733" 370 54 15 2 2 6 "5" 2 1 1 "40"
"734" 370 55 16 3 2 6 "5" 2 1 1 "40"
"735" 370 55 16 4 2 6 "5" 3 1 1 "40"
"736" 370 56 17 6 2 7 "2" 1 0 1 "32"
"737" 370 60 21 7 2 6 "2" 1 1 1 "31"
"738" 370 67 28 8 2 6 "5" 1 1 1 "40"
"739" 370 68 29 10 2 9 "3" 1 1 1 "40"
"740" 370 74 35 13 2 9 "3" 1 1 1 "31"
"741" 370 76 37 14 1 9 "3" 1 1 1 "40"
"742" 370 78 39 15 2 9 "2" 1 0 2 "32"
"743" 370 79 40 16 2 6 "3" 2 1 1 "32"
"744" 370 84 45 17 2 6 "3" 2 0 1 "32"
"745" 378 57 16 1 2 7 "4" 1 1 2 "31"
"746" 378 59 18 2 2 6 "4" 1 0 1 "31"
"747" 378 69 28 3 2 6 "4" 1 0 1 "31"
"748" 378 74 33 4 2 6 "4" 1 0 1 "31"
"749" 384 80 16 1 2 6 "2" 1 0 2 "32"
"750" 384 80 16 2 2 6 "2" 1 0 2 "32"
"751" 384 81 17 3 2 6 "2" 1 0 2 "31"
"752" 384 82 18 5 2 8 "3" 2 0 2 "50"
"753" 384 85 21 7 8 4 "3" 1 1 2 "50"
"754" 390 72 21 1 2 7 "3" 1 0 1 "40"
"755" 390 74 23 3 1 6 "2" 2 1 1 "20"
"756" 393 68 15 1 2 6 "2" 2 1 2 "32"
"757" 393 75 22 2 2 7 "3" 2 1 2 "40"
"758" 393 78 25 3 2 6 "4" 1 1 2 "32"
"759" 395 79 18 1 2 6 "4" 2 1 2 "50"
"760" 395 82 21 3 2 6 "2" 1 0 2 "40"
"761" 395 84 23 5 2 6 "2" 1 0 2 "40"
"762" 413 69 16 1 2 6 "2" 1 1 1 "32"
"763" 413 73 20 2 2 6 "3" 1 1 1 "31"
"764" 413 75 22 3 2 6 "3" 1 1 1 "31"
"765" 413 80 27 4 1 6 "3" 1 0 1 "31"
"766" 413 85 32 6 2 5 "3" 1 0 2 "31"
"767" 414 40 14 1 2 8 "4" 1 1 2 "32"
"768" 414 45 19 2 2 8 "3" 1 1 2 "32"
"769" 414 46 20 3 2 8 "3" 1 1 2 "32"
"770" 414 47 21 4 2 8 "4" 1 1 2 "32"
"771" 414 48 22 5 2 8 "2" 1 1 2 "32"
"772" 414 50 24 6 2 8 "4" 1 1 1 "32"
"773" 414 51 25 7 1 9 "4" 1 0 2 "20"
"774" 414 56 30 8 1 8 "3" 1 0 2 "20"
"775" 417 78 21 1 2 9 "3" 1 0 1 "32"
"776" 417 78 21 3 2 7 "4" 2 1 1 "50"
"777" 417 79 22 5 2 7 "2" 2 0 2 "50"
"778" 417 80 23 6 2 5 "4" 3 1 1 "20"
"779" 418 78 16 2 2 6 "4" 1 0 1 "31"
"780" 418 82 20 3 1 6 "4" 1 0 1 "31"
"781" 418 84 22 4 1 6 "4" 1 0 1 "31"
"782" 420 69 14 1 2 6 "5" 1 1 2 "32"
"783" 420 75 20 2 2 6 "4" 1 1 2 "32"
"784" 420 80 25 3 2 6 "4" 1 1 2 "32"
"785" 420 85 30 4 2 6 "3" 1 1 2 "32"
"786" 426 69 16 1 2 7 "2" 1 1 2 "32"
"787" 426 73 20 2 1 6 "3" 1 1 1 "20"
"788" 426 74 21 3 1 6 "3" 1 1 1 "20"
"789" 426 75 22 4 2 6 "4" 1 1 2 "20"
"790" 426 77 24 5 1 6 "4" 1 1 1 "10"
"791" 436 68 15 1 2 5 "3" 1 0 2 "32"
"792" 436 70 17 2 2 6 "3" 1 0 2 "32"
"793" 436 75 22 3 2 6 "5" 1 1 2 "32"
"794" 436 77 24 4 2 6 "5" 1 0 2 "32"
"795" 436 81 28 5 2 6 "4" 1 0 2 "32"
"796" 436 82 29 6 2 1 "4" 1 0 2 "32"
"797" 436 83 30 7 2 8 "2" 1 0 2 "32"
"798" 436 84 31 8 2 6 "5" 1 1 1 "32"
"799" 443 56 16 1 2 7 "2" 1 1 1 "32"
"800" 443 71 31 2 2 6 "4" 1 1 1 "31"
"801" 443 77 37 3 1 6 "2" 1 1 1 "31"
"802" 444 69 16 1 2 6 "3" 1 0 2 "40"
"803" 444 69 16 2 2 6 "3" 1 0 2 "50"
"804" 444 72 19 3 2 6 "3" 3 0 2 "40"
"805" 444 72 19 4 2 6 "2" 2 0 2 "40"
"806" 444 74 21 5 2 6 "5" 1 1 1 "32"
"807" 447 82 17 1 2 6 "3" 1 0 2 "40"
"808" 447 83 18 2 2 6 "2" 1 1 2 "32"
"809" 447 85 20 3 2 6 "2" 1 0 2 "32"
"810" 448 67 15 1 2 6 "2" 2 0 2 "32"
"811" 448 67 15 3 2 6 "2" 2 0 2 "32"
"812" 448 76 24 6 2 6 "2" 2 1 2 "40"
"813" 452 74 16 1 2 8 "3" 1 1 1 "32"
"814" 452 78 20 2 2 6 "3" 1 0 1 "32"
"815" 453 74 16 1 2 4 "5" 1 0 2 "50"
"816" 453 79 21 3 2 3 "4" 2 0 2 "40"
"817" 453 80 22 4 2 6 "4" 2 0 2 "40"
"818" 457 82 22 1 2 5 "3" 2 1 2 "20"
"819" 457 83 23 2 1 5 "2" 3 1 1 "20"
"820" 459 80 16 2 2 6 "2" 2 0 1 "40"
"821" 459 85 21 3 1 6 "3" 3 0 1 "32"
"822" 459 86 22 4 1 6 "3" 3 0 1 "32"
"823" 460 70 21 1 2 7 "2" 3 1 1 "20"
"824" 460 72 23 2 2 7 "2" 3 1 1 "20"
"825" 460 73 24 3 2 7 "2" 3 0 1 "20"
"826" 460 74 25 4 2 7 "2" 3 0 1 "20"
"827" 460 76 27 5 2 7 "2" 3 0 1 "20"
"828" 460 78 29 6 1 7 "2" 3 1 1 "20"
"829" 460 84 35 7 1 7 "2" 3 1 1 "20"
"830" 465 75 16 1 2 6 "5" 2 1 2 "40"
"831" 465 79 20 3 2 6 "5" 2 1 2 "40"
"832" 467 71 21 1 2 6 "4" 1 0 2 "31"
"833" 467 72 22 2 2 6 "4" 4 0 2 "31"
"834" 467 75 25 3 2 7 "4" 2 1 1 "20"
"835" 467 79 29 4 1 7 "4" 1 1 2 "20"
"836" 467 83 33 5 1 7 "2" 2 1 2 "20"
"837" 467 85 35 6 2 8 "4" 2 1 1 "31"
"838" 469 75 16 1 2 7 "3" 1 0 1 "32"
"839" 469 79 20 2 2 9 "3" 1 0 1 "32"
"840" 469 83 24 5 2 9 "2" 2 0 1 "31"
"841" 469 85 26 6 1 9 "2" 2 0 1 "20"
"842" 474 48 17 1 2 6 "3" 1 1 1 "40"
"843" 474 52 21 3 2 6 "3" 1 1 1 "40"
"844" 474 55 24 4 2 6 "3" 1 1 2 "32"
"845" 474 58 27 5 2 6 "3" 1 1 2 "32"
"846" 474 59 28 6 2 6 "2" 1 1 2 "32"
"847" 474 60 29 7 2 7 "2" 1 0 2 "31"
"848" 474 63 32 9 2 6 "2" 1 1 2 "32"
"849" 474 65 34 10 2 6 "2" 1 1 2 "32"
"850" 474 67 36 11 2 6 "2" 1 1 2 "32"
"851" 474 71 40 14 2 6 "2" 1 1 2 "32"
"852" 474 74 43 16 2 6 "2" 1 1 2 "32"
"853" 474 75 44 17 2 7 "5" 1 1 2 "32"
"854" 474 77 46 18 2 6 "2" 1 1 2 "32"
"855" 474 79 48 19 2 7 "5" 1 1 2 "32"
"856" 475 76 16 1 2 6 "2" 1 0 2 "50"
"857" 475 77 17 2 2 6 "5" 2 0 2 "50"
"858" 475 84 24 6 1 6 "5" 1 0 2 "31"
"859" 475 85 25 7 2 6 "5" 2 0 1 "50"
"860" 475 85 25 8 1 6 "5" 2 0 1 "32"
"861" 480 50 15 1 2 7 "4" 1 1 2 "32"
"862" 480 56 21 2 2 7 "4" 1 1 1 "32"
"863" 480 84 49 3 2 6 "4" 1 1 2 "40"
"864" 481 68 16 2 2 6 "2" 1 1 2 "32"
"865" 481 72 20 3 2 6 "2" 1 1 1 "32"
"866" 481 73 21 4 2 9 "2" 1 1 1 "32"
"867" 481 74 22 5 1 9 "2" 1 1 1 "32"
"868" 481 76 24 6 2 9 "2" 2 1 1 "32"
"869" 481 76 24 7 1 6 "4" 1 1 1 "20"
"870" 481 84 32 8 1 6 "4" 1 1 1 "20"
"871" 492 57 14 1 2 6 "5" 3 1 1 "50"
"872" 492 63 20 2 2 6 "3" 1 1 1 "50"
"873" 492 63 20 3 2 6 "2" 1 0 2 "50"
"874" 492 65 22 4 2 8 "4" 1 1 1 "32"
"875" 492 65 22 5 2 9 "2" 1 1 2 "32"
"876" 492 66 23 6 2 8 "3" 1 1 1 "40"
"877" 492 67 24 7 2 9 "2" 2 0 2 "32"
"878" 492 69 26 8 2 6 "5" 3 1 1 "32"
"879" 492 69 26 9 2 9 "3" 1 0 1 "32"
"880" 492 69 26 10 2 9 "2" 1 0 2 "31"
"881" 492 70 27 11 2 6 "4" 1 1 1 "50"
"882" 492 75 32 12 1 6 "4" 1 1 1 "31"
"883" 492 77 34 13 1 6 "4" 1 1 1 "32"
"884" 492 86 43 14 1 6 "5" 1 1 1 "20"
"885" 494 54 14 1 2 9 "1" 4 0 2 "40"
"886" 494 68 28 2 2 7 "3" 1 1 2 "40"
"887" 494 73 33 4 2 7 "4" 1 1 2 "40"
"888" 494 75 35 6 2 6 "4" 2 1 2 "40"
"889" 494 76 36 7 2 9 "4" 2 1 2 "40"
"890" 494 78 38 8 2 6 "4" 2 1 2 "40"
"891" 494 78 38 9 2 5 "5" 2 1 1 "40"
"892" 494 79 39 10 2 6 "4" 2 1 2 "40"
"893" 497 80 15 2 2 6 "2" 1 0 2 "50"
"894" 497 83 18 4 2 6 "2" 1 0 2 "50"
"895" 497 85 20 5 2 6 "3" 2 1 1 "50"
"896" 501 62 15 1 2 9 "5" 1 1 1 "32"
"897" 501 67 20 2 2 6 "3" 2 0 2 "40"
"898" 501 69 22 3 2 9 "5" 4 1 1 "32"
"899" 501 81 34 4 2 9 "2" 3 0 2 "20"
"900" 501 83 36 5 2 9 "4" 1 1 1 "40"
"901" 503 68 16 1 2 6 "2" 1 0 1 "10"
"902" 503 73 21 2 2 8 "5" 1 1 2 "40"
"903" 503 74 22 3 2 6 "3" 1 0 2 "32"
"904" 503 74 22 4 2 6 "2" 1 0 2 "32"
"905" 503 75 23 5 2 6 "3" 1 0 2 "32"
"906" 503 75 23 6 2 7 "2" 1 1 2 "32"
"907" 503 78 26 7 2 4 "4" 1 1 1 "32"
"908" 505 69 15 1 2 8 "3" 1 1 2 "40"
"909" 505 74 20 2 2 8 "3" 1 1 2 "32"
"910" 505 76 22 3 2 8 "4" 1 1 2 "32"
"911" 505 82 28 4 1 9 "3" 1 1 1 "20"
"912" 507 49 15 1 2 7 "3" 3 1 2 "32"
"913" 507 54 20 3 2 7 "3" 3 1 2 "32"
"914" 507 58 24 4 2 7 "3" 1 1 2 "40"
"915" 507 66 32 5 2 6 "5" 2 1 2 "40"
"916" 507 77 43 6 8 9 "5" 1 1 2 "40"
"917" 511 69 16 1 2 9 "5" 2 1 2 "40"
"918" 511 76 23 2 2 6 "2" 1 0 1 "31"
"919" 511 79 26 3 1 9 "5" 2 1 1 "32"
"920" 511 84 31 4 1 9 "2" 1 0 1 "31"
"921" 513 60 15 1 2 6 "2" 1 0 1 "50"
"922" 513 62 17 2 2 6 "2" 1 0 2 "32"
"923" 513 65 20 3 2 6 "4" 1 0 2 "32"
"924" 513 67 22 4 2 6 "5" 1 0 2 "32"
"925" 513 70 25 5 2 6 "3" 1 0 2 "32"
"926" 513 74 29 7 2 6 "3" 1 0 2 "32"
"927" 513 76 31 8 2 6 "4" 1 0 1 "32"
"928" 513 78 33 9 1 6 "3" 1 1 2 "20"
"929" 522 77 16 1 2 6 "4" 3 0 2 "31"
"930" 522 77 16 3 2 6 "2" 1 0 2 "31"
"931" 522 77 16 4 2 6 "3" 3 1 1 "20"
"932" 522 82 21 5 2 6 "3" 2 1 1 "31"
"933" 522 86 25 6 1 6 "4" 2 1 1 "10"
"934" 524 56 16 1 2 7 "4" 2 0 2 "20"
"935" 524 63 23 2 2 7 "4" 1 0 2 "31"
"936" 524 65 25 3 1 6 "5" 1 0 1 "10"
"937" 524 67 27 4 1 6 "4" 1 0 2 "10"
"938" 524 69 29 5 1 6 "4" 3 0 1 "20"
"939" 524 78 38 6 1 7 "3" 3 0 1 "20"
"940" 525 77 16 2 2 6 "2" 1 0 2 "50"
"941" 525 77 16 3 2 6 "3" 1 0 2 "50"
"942" 525 78 17 4 2 6 "4" 1 1 2 "50"
"943" 526 45 15 1 2 9 "2" 1 0 2 "32"
"944" 526 52 22 2 2 7 "4" 2 1 1 "40"
"945" 526 54 24 3 2 7 "4" 2 1 1 "32"
"946" 526 56 26 4 2 7 "5" 2 1 1 "32"
"947" 526 74 44 5 1 7 "5" 2 1 1 "32"
"948" 526 76 46 6 1 6 "3" 2 1 2 "32"
"949" 535 82 16 1 2 7 "2" 1 1 2 "50"
"950" 536 78 20 2 2 6 "2" 1 1 2 "32"
"951" 536 79 21 3 2 6 "1" 1 0 1 "20"
"952" 536 84 26 6 2 5 "4" 1 0 1 "32"
"953" 536 86 28 7 2 5 "4" 1 0 2 "32"
"954" 539 72 14 1 2 6 "2" 1 0 2 "32"
"955" 543 61 19 2 2 8 "4" 2 1 1 "40"
"956" 552 53 14 1 2 7 "2" 1 0 2 "32"
"957" 552 54 15 2 2 9 "2" 1 0 2 "32"
"958" 552 59 20 3 2 6 "4" 3 1 1 "32"
"959" 552 63 24 4 2 6 "4" 3 1 1 "20"
"960" 552 74 35 5 1 9 "4" 1 1 1 "20"
"961" 552 75 36 6 2 4 "4" 1 1 1 "32"
"962" 552 75 36 7 2 6 "4" 1 1 1 "40"
"963" 552 75 36 8 2 6 "4" 1 1 1 "40"
"964" 552 76 37 9 1 6 "4" 1 1 2 "32"
"965" 552 84 45 10 2 6 "3" 3 0 2 "40"
"966" 552 84 45 11 2 6 "4" 3 0 2 "40"
"967" 552 85 46 13 2 6 "4" 1 1 2 "50"
"968" 555 45 14 1 2 7 "4" 2 1 1 "32"
"969" 555 51 20 3 2 7 "4" 2 1 1 "32"
"970" 555 58 27 4 2 7 "4" 2 1 1 "40"
"971" 555 60 29 5 2 7 "4" 2 1 1 "32"
"972" 555 63 32 6 2 7 "4" 2 1 1 "32"
"973" 555 65 34 7 2 7 "4" 2 1 1 "40"
"974" 555 67 36 8 2 7 "4" 2 1 1 "32"
"975" 555 69 38 9 2 6 "4" 2 1 1 "50"
"976" 555 71 40 10 2 7 "4" 2 1 1 "32"
"977" 555 73 42 11 2 6 "4" 2 1 1 "50"
"978" 560 51 16 1 2 7 "5" 1 0 1 "10"
"979" 560 55 20 3 1 7 "5" 1 0 1 "32"
"980" 560 56 21 4 1 7 "5" 1 0 1 "32"
"981" 560 57 22 5 1 7 "5" 1 0 1 "32"
"982" 560 60 25 6 1 6 "5" 1 0 1 "20"
"983" 560 61 26 7 1 6 "4" 1 0 1 "20"
"984" 560 66 31 8 1 6 "4" 1 0 1 "20"
"985" 560 68 33 9 1 6 "2" 2 0 1 "20"
"986" 560 69 34 10 1 6 "2" 1 0 1 "20"
"987" 560 71 36 11 1 6 "4" 2 0 1 "20"
"988" 560 73 38 13 1 6 "4" 1 0 2 "10"
"989" 560 83 48 15 2 6 "2" 1 0 2 "20"
"990" 560 84 49 16 1 6 "3" 1 0 2 "20"
"991" 562 62 15 1 2 6 "2" 1 0 2 "32"
"992" 562 67 20 2 2 6 "3" 1 1 2 "32"
"993" 562 69 22 3 2 6 "3" 1 1 2 "32"
"994" 562 71 24 4 2 6 "3" 1 1 2 "32"
"995" 562 73 26 5 2 6 "2" 1 1 2 "32"
"996" 562 75 28 6 2 6 "3" 1 1 2 "32"
"997" 562 78 31 7 2 6 "2" 1 1 2 "32"
"998" 563 81 17 3 2 9 "4" 3 1 2 "40"
"999" 563 86 22 5 2 7 "5" 2 0 1 "50"
"1000" 567 64 15 1 2 4 "3" 2 1 1 "40"
"1001" 567 65 16 2 2 7 "3" 2 1 1 "40"
"1002" 567 66 17 3 2 5 "2" 2 1 2 "32"
"1003" 567 66 17 4 1 6 "3" 2 1 2 "32"
"1004" 567 70 21 5 2 7 "3" 2 1 2 "32"
"1005" 567 71 22 6 1 8 "3" 2 1 1 "32"
"1006" 567 76 27 8 2 8 "3" 1 1 2 "40"
"1007" 567 82 33 9 2 8 "3" 1 1 2 "40"
"1008" 571 70 15 1 2 6 "3" 1 1 2 "10"
"1009" 578 66 15 1 2 6 "5" 1 1 2 "20"
"1010" 578 72 21 3 2 6 "5" 1 1 1 "32"
"1011" 578 72 21 4 2 6 "4" 2 0 2 "32"
"1012" 578 73 22 5 2 6 "4" 2 0 2 "32"
"1013" 578 77 26 9 2 6 "4" 1 1 1 "32"
"1014" 578 86 35 11 2 9 "3" 1 1 1 "32"
"1015" 592 59 15 1 2 6 "2" 1 1 2 "32"
"1016" 592 68 24 2 2 6 "2" 1 0 2 "32"
"1017" 592 69 25 3 2 9 "2" 1 0 2 "32"
"1018" 592 80 36 4 2 6 "3" 1 1 2 "32"
"1019" 592 80 36 5 2 6 "2" 1 0 2 "32"
"1020" 596 78 16 1 2 6 "2" 1 1 2 "32"
"1021" 596 79 17 2 2 6 "2" 1 0 2 "40"
"1022" 603 81 22 1 1 4 "3" 2 1 1 "20"
"1023" 603 82 23 2 1 4 "3" 2 1 2 "20"
"1024" 606 44 14 1 2 7 "5" 1 1 2 "40"
"1025" 606 50 20 3 2 7 "5" 1 1 2 "32"
"1026" 606 52 22 4 2 7 "4" 1 1 2 "32"
"1027" 606 56 26 5 2 6 "2" 1 1 2 "40"
"1028" 606 59 29 6 2 6 "2" 1 1 1 "40"
"1029" 606 68 38 7 2 6 "2" 1 1 2 "32"
"1030" 606 74 44 8 2 6 "2" 1 1 2 "32"
"1031" 606 85 55 10 2 6 "1" 4 0 2 "40"
"1032" 616 65 14 1 2 7 "3" 1 1 1 "32"
"1033" 616 73 22 2 2 6 "3" 1 0 1 "31"
"1034" 616 76 25 3 2 6 "3" 1 0 1 "31"
"1035" 616 79 28 4 2 6 "3" 2 0 1 "31"
"1036" 616 82 31 5 2 6 "3" 2 0 2 "20"
"1037" 616 85 34 6 2 6 "3" 1 0 1 "31"
"1038" 618 77 23 1 2 4 "3" 2 1 1 "20"
"1039" 618 82 28 2 1 4 "3" 2 1 2 "20"
"1040" 625 79 15 1 2 6 "2" 1 0 1 "32"
"1041" 625 79 15 2 2 6 "2" 1 0 2 "32"
"1042" 625 80 16 3 2 6 "2" 1 0 2 "32"
"1043" 625 80 16 5 2 6 "3" 2 0 1 "40"
"1044" 625 80 16 6 2 9 "3" 2 1 1 "40"
"1045" 629 85 19 1 1 7 "3" 1 0 1 "20"
"1046" 633 84 26 2 1 4 "3" 1 0 1 "20"
"1047" 633 86 28 3 1 4 "3" 1 1 1 "20"
"1048" 636 53 15 1 2 9 "4" 1 0 2 "50"
"1049" 636 58 20 4 1 9 "3" 1 0 2 "32"
"1050" 636 61 23 5 2 9 "5" 1 0 2 "32"
"1051" 636 65 27 6 2 9 "2" 1 0 2 "32"
"1052" 636 69 31 7 2 9 "2" 1 0 2 "32"
"1053" 636 72 34 8 2 9 "3" 1 1 2 "32"
"1054" 636 85 47 9 2 6 "2" 2 0 2 "50"
"1055" 637 77 17 1 2 5 "2" 2 0 1 "31"
"1056" 637 82 22 2 2 7 "1" 4 0 2 "40"
"1057" 637 83 23 3 2 9 "4" 2 0 1 "40"
"1058" 637 84 24 4 1 9 "4" 2 0 1 "31"
"1059" 638 75 15 1 2 6 "4" 1 0 2 "40"
"1060" 638 81 21 3 2 6 "3" 2 1 1 "50"
"1061" 638 81 21 4 2 6 "3" 2 1 2 "32"
"1062" 644 80 19 1 2 6 "3" 2 1 1 "20"
"1063" 646 61 17 1 2 6 "5" 2 0 1 "31"
"1064" 646 76 32 2 2 6 "5" 2 0 1 "20"
"1065" 648 41 14 1 2 8 "3" 1 0 2 "32"
"1066" 648 41 14 2 2 8 "3" 1 0 2 "32"
"1067" 648 42 15 3 2 8 "2" 1 0 2 "32"
"1068" 648 43 16 4 2 8 "3" 1 1 1 "32"
"1069" 648 43 16 5 2 8 "5" 1 1 1 "32"
"1070" 648 49 22 7 2 8 "2" 2 0 2 "40"
"1071" 648 51 24 8 2 8 "2" 1 0 2 "40"
"1072" 648 54 27 9 2 8 "2" 1 1 2 "40"
"1073" 648 65 38 10 2 6 "3" 1 1 2 "32"
"1074" 655 55 14 1 2 6 "3" 1 1 2 "32"
"1075" 655 55 14 2 2 8 "3" 2 1 2 "32"
"1076" 655 59 18 3 2 9 "4" 1 1 1 "40"
"1077" 655 74 33 4 2 9 "2" 1 1 1 "31"
"1078" 660 66 15 1 2 6 "4" 1 0 2 "32"
"1079" 660 68 17 3 2 6 "4" 1 0 2 "32"
"1080" 661 79 16 1 2 6 "5" 1 0 2 "31"
"1081" 661 85 22 2 2 6 "5" 1 0 2 "31"
"1082" 664 46 14 1 2 6 "2" 1 0 1 "50"
"1083" 664 47 15 2 2 6 "2" 1 0 2 "31"
"1084" 664 52 20 3 2 6 "2" 1 0 2 "31"
"1085" 664 61 29 5 2 9 "3" 1 0 2 "50"
"1086" 664 63 31 6 2 6 "3" 1 0 2 "50"
"1087" 664 65 33 8 2 9 "3" 1 0 2 "40"
"1088" 664 70 38 10 2 7 "2" 1 0 2 "40"
"1089" 665 55 15 1 2 6 "3" 1 0 1 "40"
"1090" 665 61 21 2 2 7 "3" 1 1 1 "32"
"1091" 665 66 26 3 2 6 "5" 1 1 2 "32"
"1092" 684 55 14 1 2 7 "2" 2 0 1 "31"
"1093" 684 57 16 2 2 7 "2" 1 0 2 "32"
"1094" 684 58 17 3 2 7 "5" 1 0 1 "32"
"1095" 684 58 17 4 2 7 "5" 2 0 2 "40"
"1096" 684 63 22 6 1 6 "4" 1 1 1 "32"
"1097" 684 66 25 7 1 6 "5" 1 1 1 "10"
"1098" 684 78 37 8 1 9 "2" 3 1 1 "20"
"1099" 685 70 18 1 2 6 "5" 1 1 1 "32"
"1100" 685 74 22 2 2 6 "5" 1 1 1 "10"
"1101" 688 83 17 2 2 6 "3" 1 0 2 "32"
"1102" 688 83 17 3 2 6 "2" 1 0 2 "32"
"1103" 688 83 17 4 2 6 "2" 1 0 2 "32"
"1104" 688 84 18 6 2 9 "3" 2 0 1 "32"
"1105" 689 66 15 1 2 6 "2" 1 0 1 "32"
"1106" 689 67 16 2 2 6 "2" 1 0 1 "32"
"1107" 689 68 17 3 2 6 "2" 1 0 2 "32"
"1108" 689 72 21 5 2 6 "4" 1 0 1 "32"
"1109" 689 73 22 6 2 6 "2" 1 0 2 "32"
"1110" 689 76 25 9 2 6 "2" 1 0 1 "32"
"1111" 689 77 26 10 2 6 "3" 1 0 1 "32"
"1112" 691 79 15 1 2 6 "4" 1 0 2 "32"
"1113" 691 82 18 2 2 6 "4" 1 0 2 "32"
"1114" 697 74 23 1 2 6 "3" 1 0 1 "10"
"1115" 697 84 33 4 1 6 "4" 1 0 2 "10"
"1116" 700 63 16 1 2 7 "5" 1 1 1 "32"
"1117" 700 68 21 2 2 7 "5" 1 1 2 "32"
"1118" 700 71 24 3 2 7 "5" 1 0 1 "10"
"1119" 700 72 25 4 1 6 "5" 1 0 1 "32"
"1120" 700 77 30 6 2 7 "4" 1 1 2 "10"
"1121" 700 79 32 7 2 6 "3" 1 1 2 "32"
"1122" 700 80 33 8 2 6 "1" 1 1 2 "20"
"1123" 702 46 14 1 2 9 "4" 1 0 1 "31"
"1124" 702 47 15 2 2 7 "2" 1 1 1 "32"
"1125" 702 54 22 3 1 7 "2" 1 1 1 "32"
"1126" 702 63 31 4 1 6 "3" 2 1 1 "20"
"1127" 702 67 35 5 1 6 "3" 2 1 1 "20"
"1128" 702 68 36 6 1 6 "3" 2 1 2 "20"
"1129" 706 54 15 1 2 8 "5" 3 1 2 "40"
"1130" 706 55 16 2 2 7 "3" 1 0 2 "40"
"1131" 706 58 19 3 2 8 "2" 3 1 2 "50"
"1132" 706 61 22 5 2 8 "2" 3 1 2 "50"
"1133" 706 62 23 6 1 7 "5" 1 1 1 "40"
"1134" 706 80 41 7 1 6 "4" 3 1 2 "20"
"1135" 706 83 44 9 2 6 "3" 1 0 2 "50"
"1136" 710 79 15 1 2 6 "2" 1 1 2 "40"
"1137" 712 78 16 2 2 6 "5" 2 1 2 "50"
"1138" 712 79 17 4 2 6 "5" 1 1 2 "40"
"1139" 712 79 17 5 2 6 "4" 1 1 2 "50"
"1140" 712 80 18 6 2 6 "5" 1 1 2 "40"
"1141" 712 83 21 9 2 6 "5" 3 1 2 "40"
"1142" 713 65 22 1 1 5 "2" 2 1 1 "31"
"1143" 713 71 28 2 2 6 "5" 2 0 2 "40"
"1144" 713 72 29 3 2 6 "5" 2 1 1 "40"
"1145" 713 73 30 4 1 6 "5" 2 1 1 "20"
"1146" 713 75 32 5 2 9 "4" 1 1 1 "40"
"1147" 716 51 14 1 2 6 "3" 1 1 2 "32"
"1148" 716 64 27 3 2 6 "3" 1 1 2 "50"
"1149" 716 66 29 4 2 6 "3" 3 1 2 "32"
"1150" 716 68 31 5 2 6 "3" 1 1 2 "40"
"1151" 716 72 35 6 7 6 "3" 1 1 2 "40"
"1152" 716 75 38 7 7 6 "3" 1 1 2 "32"
"1153" 716 85 48 9 2 4 "4" 1 1 2 "50"
"1154" 718 75 16 1 2 8 "2" 1 0 2 "50"
"1155" 718 76 17 2 2 8 "2" 1 0 2 "32"
"1156" 718 77 18 3 2 8 "2" 1 0 2 "32"
"1157" 718 77 18 4 2 7 "3" 1 1 1 "32"
"1158" 719 58 23 2 1 6 "5" 3 1 1 "32"
"1159" 719 78 43 4 1 5 "4" 2 1 1 "20"
"1160" 722 63 21 1 1 6 "5" 1 0 1 "20"
"1161" 722 65 23 2 2 7 "5" 1 0 1 "20"
"1162" 722 66 24 3 2 7 "5" 2 0 1 "20"
"1163" 722 68 26 4 1 8 "5" 2 0 1 "20"
"1164" 722 74 32 5 1 7 "5" 1 0 1 "20"
"1165" 722 77 35 6 1 9 "4" 2 0 1 "20"
"1166" 722 80 38 7 1 9 "4" 2 0 1 "20"
"1167" 727 59 16 1 2 6 "5" 2 0 1 "31"
"1168" 727 60 17 2 2 9 "2" 1 0 1 "20"
"1169" 727 67 24 3 1 7 "2" 1 0 1 "31"
"1170" 727 72 29 5 2 7 "2" 1 0 1 "32"
"1171" 733 52 15 1 2 9 "2" 1 0 2 "32"
"1172" 733 55 18 2 1 9 "2" 2 1 1 "20"
"1173" 733 59 22 4 1 9 "2" 2 1 1 "20"
"1174" 735 54 15 1 2 7 "5" 2 0 1 "31"
"1175" 735 57 18 2 2 6 "4" 3 0 1 "31"
"1176" 735 62 23 4 1 6 "2" 2 1 1 "31"
"1177" 736 75 15 2 2 6 "5" 1 1 1 "32"
"1178" 736 82 22 3 1 8 "5" 1 1 1 "32"
"1179" 748 62 14 1 8 6 "2" 1 0 1 "32"
"1180" 748 66 18 2 8 6 "2" 1 1 1 "32"
"1181" 748 68 20 4 8 6 "2" 1 1 1 "32"
"1182" 748 69 21 5 8 6 "2" 1 1 2 "32"
"1183" 748 70 22 7 8 6 "4" 2 1 1 "32"
"1184" 748 77 29 8 8 7 "4" 2 1 1 "32"
"1185" 748 80 32 9 8 6 "3" 2 1 1 "20"
"1186" 748 82 34 10 8 6 "4" 2 1 2 "20"
"1187" 751 80 15 1 2 6 "2" 3 0 2 "40"
"1188" 751 83 18 3 2 6 "3" 1 0 1 "32"
"1189" 755 64 15 1 2 8 "2" 1 0 2 "32"
"1190" 755 65 16 3 2 8 "2" 1 0 2 "32"
"1191" 755 68 19 4 1 8 "2" 1 0 2 "32"
"1192" 755 70 21 5 1 9 "2" 1 0 2 "32"
"1193" 755 70 21 6 2 8 "4" 1 1 1 "32"
"1194" 755 71 22 7 2 6 "3" 1 0 2 "32"
"1195" 755 76 27 8 1 9 "3" 1 0 2 "32"
"1196" 757 49 14 1 2 8 "2" 1 0 2 "32"
"1197" 757 53 18 4 2 7 "3" 1 0 1 "40"
"1198" 757 54 19 5 2 7 "3" 1 0 1 "31"
"1199" 757 54 19 6 2 7 "3" 1 0 1 "32"
"1200" 757 55 20 7 2 7 "3" 1 0 1 "31"
"1201" 757 60 25 9 2 8 "5" 1 1 1 "40"
"1202" 757 60 25 10 1 8 "5" 1 1 1 "40"
"1203" 757 61 26 11 2 7 "3" 1 0 1 "31"
"1204" 757 67 32 12 1 7 "3" 1 0 1 "31"
"1205" 757 75 40 13 1 7 "4" 1 0 1 "20"
"1206" 757 81 46 14 1 8 "2" 1 0 1 "20"
"1207" 757 84 49 15 1 8 "5" 1 0 1 "20"
"1208" 757 85 50 16 1 7 "2" 1 0 1 "20"
"1209" 760 50 16 1 2 6 "5" 1 1 1 "31"
"1210" 760 52 18 2 2 6 "5" 1 1 1 "31"
"1211" 760 56 22 3 2 6 "5" 1 1 1 "31"
"1212" 760 60 26 4 2 6 "5" 1 1 1 "31"
"1213" 760 65 31 5 1 6 "5" 1 1 1 "31"
"1214" 760 66 32 6 1 6 "5" 1 1 1 "31"
"1215" 760 69 35 7 1 6 "5" 1 1 1 "20"
"1216" 760 73 39 8 1 6 "5" 1 1 1 "20"
"1217" 760 74 40 9 1 6 "5" 1 1 1 "31"
"1218" 760 74 40 10 1 6 "5" 1 1 1 "20"
"1219" 760 81 47 11 1 6 "5" 1 1 2 "31"
"1220" 763 82 16 1 2 9 "2" 1 0 2 "40"
"1221" 763 84 18 3 2 9 "2" 1 0 2 "40"
"1222" 763 86 20 5 2 9 "2" 1 0 2 "40"
"1223" 764 77 16 1 2 5 "3" 3 0 2 "40"
"1224" 764 78 17 3 2 5 "3" 3 0 2 "40"
"1225" 764 79 18 4 2 6 "4" 1 0 2 "31"
"1226" 764 79 18 5 2 6 "3" 2 0 1 "20"
"1227" 764 81 20 7 2 6 "5" 1 1 2 "20"
"1228" 764 84 23 8 1 7 "4" 2 0 1 "31"
"1229" 765 75 16 1 2 7 "4" 2 1 1 "40"
"1230" 765 78 19 3 2 7 "4" 2 1 1 "40"
"1231" 769 72 22 1 1 9 "5" 3 1 1 "31"
"1232" 769 78 28 2 2 6 "3" 2 1 2 "20"
"1233" 769 83 33 3 1 6 "4" 2 1 2 "10"
"1234" 770 66 15 1 2 6 "4" 2 1 1 "40"
"1235" 770 68 17 2 2 9 "4" 3 1 1 "20"
"1236" 770 68 17 3 2 9 "4" 3 1 1 "20"
"1237" 770 71 20 4 2 9 "4" 2 1 1 "20"
"1238" 770 81 30 8 2 6 "5" 1 1 2 "40"
"1239" 770 81 30 10 2 6 "2" 2 0 1 "20"
"1240" 770 83 32 11 2 6 "3" 2 1 2 "20"
"1241" 770 84 33 12 1 9 "2" 2 1 1 "20"
"1242" 774 76 18 1 2 6 "4" 1 0 1 "31"
"1243" 774 79 21 4 8 6 "4" 2 0 2 "31"
"1244" 774 80 22 5 2 6 "4" 2 0 2 "31"
"1245" 774 80 22 6 2 6 "5" 1 1 1 "31"
"1246" 774 84 26 7 8 6 "3" 2 0 1 "31"
"1247" 774 86 28 8 2 6 "5" 2 0 1 "31"
"1248" 776 63 14 1 2 7 "4" 1 1 1 "32"
"1249" 776 69 20 2 2 7 "4" 1 1 1 "32"
"1250" 776 74 25 3 1 7 "4" 1 1 1 "32"
"1251" 776 76 27 4 2 7 "5" 1 1 1 "32"
"1252" 781 57 15 1 2 8 "2" 1 1 2 "32"
"1253" 781 60 18 2 2 8 "2" 1 0 2 "32"
"1254" 781 63 21 3 2 8 "2" 1 0 2 "32"
"1255" 781 63 21 4 8 8 "2" 1 0 2 "32"
"1256" 781 65 23 5 2 9 "2" 1 0 2 "32"
"1257" 781 66 24 6 8 8 "2" 1 0 2 "32"
"1258" 781 68 26 7 1 8 "2" 1 0 1 "32"
"1259" 781 70 28 8 1 8 "3" 1 0 1 "32"
"1260" 781 73 31 9 1 6 "2" 1 1 2 "31"
"1261" 781 74 32 10 1 6 "3" 2 1 2 "20"
"1262" 781 77 35 11 1 6 "3" 1 1 1 "31"
"1263" 782 74 16 1 2 6 "2" 1 1 1 "32"
"1264" 782 77 19 2 2 6 "2" 1 1 2 "32"
"1265" 782 78 20 3 2 6 "2" 1 1 1 "32"
"1266" 783 84 20 2 2 5 "2" 1 0 1 "31"
"1267" 783 84 20 3 2 6 "2" 2 0 1 "10"
"1268" 784 72 16 1 2 6 "4" 1 1 1 "32"
"1269" 784 76 20 2 2 9 "5" 1 1 1 "20"
"1270" 784 79 23 3 2 9 "5" 1 1 1 "20"
"1271" 784 84 28 4 2 9 "5" 1 0 2 "32"
"1272" 788 74 16 1 2 6 "4" 1 1 1 "32"
"1273" 788 77 19 2 2 6 "4" 1 1 1 "32"
"1274" 788 79 21 3 2 6 "4" 1 1 1 "32"
"1275" 788 85 27 4 1 6 "4" 1 1 1 "32"
"1276" 789 63 19 1 2 5 "2" 3 1 2 "20"
"1277" 789 68 24 3 2 7 "3" 2 1 1 "20"
"1278" 789 71 27 4 1 7 "3" 2 1 1 "20"
"1279" 789 73 29 5 1 7 "3" 2 1 2 "20"
"1280" 789 76 32 6 2 6 "3" 2 1 1 "20"
"1281" 789 78 34 7 1 6 "3" 2 1 2 "20"
"1282" 789 83 39 8 1 6 "2" 2 1 2 "20"
"1283" 790 64 15 1 2 7 "2" 1 1 1 "32"
"1284" 790 71 22 2 2 7 "2" 1 0 1 "32"
"1285" 790 73 24 3 2 7 "2" 1 0 2 "32"
"1286" 790 75 26 4 1 7 "2" 1 0 2 "32"
"1287" 790 77 28 5 1 7 "2" 1 1 1 "32"
"1288" 790 80 31 6 2 7 "2" 1 0 2 "32"
"1289" 790 82 33 7 1 7 "2" 1 0 1 "32"
"1290" 791 61 17 1 1 6 "2" 2 0 1 "31"
"1291" 791 66 22 2 1 6 "2" 2 0 1 "31"
"1292" 791 69 25 3 1 6 "5" 2 0 1 "31"
"1293" 791 74 30 4 1 6 "5" 2 0 1 "31"
"1294" 791 76 32 5 1 6 "5" 2 0 1 "31"
"1295" 791 78 34 6 1 6 "5" 2 0 1 "31"
"1296" 791 79 35 7 1 6 "5" 2 0 1 "31"
"1297" 791 80 36 8 1 6 "5" 2 1 2 "31"
"1298" 792 52 15 1 2 6 "3" 1 1 2 "40"
"1299" 795 55 15 1 2 8 "3" 1 1 2 "50"
"1300" 795 61 21 2 2 8 "4" 1 1 2 "32"
"1301" 795 67 27 3 1 6 "5" 1 1 1 "32"
"1302" 795 80 40 4 8 9 "4" 1 1 2 "32"
"1303" 795 83 43 6 2 6 "4" 1 1 2 "32"
"1304" 812 48 14 1 2 7 "2" 1 0 2 "32"
"1305" 812 48 14 2 2 7 "4" 2 0 2 "31"
"1306" 812 49 15 3 2 7 "2" 1 0 2 "32"
"1307" 812 50 16 4 2 7 "3" 1 0 2 "32"
"1308" 812 56 22 6 2 7 "4" 1 1 2 "40"
"1309" 812 59 25 7 2 7 "3" 1 1 1 "40"
"1310" 812 61 27 8 2 8 "2" 2 0 2 "31"
"1311" 812 61 27 9 2 7 "4" 1 1 2 "32"
"1312" 812 71 37 10 2 6 "3" 1 1 2 "32"
"1313" 812 73 39 11 2 6 "3" 1 0 2 "32"
"1314" 812 75 41 12 2 6 "3" 1 1 2 "32"
"1315" 812 78 44 14 1 6 "2" 1 1 2 "20"
"1316" 812 79 45 15 1 7 "2" 2 1 2 "20"
"1317" 812 82 48 16 2 6 "2" 1 0 2 "32"
"1318" 812 84 50 18 2 6 "3" 1 0 2 "32"
"1319" 812 85 51 20 2 6 "2" 1 1 1 "40"
"1320" 814 78 16 1 2 6 "3" 3 0 2 "32"
"1321" 814 79 17 2 2 8 "4" 2 0 1 "32"
"1322" 814 84 22 7 2 9 "3" 2 0 2 "32"
"1323" 815 79 24 1 1 5 "3" 2 1 1 "20"
"1324" 815 82 27 2 1 5 "3" 2 1 1 "20"
"1325" 815 85 30 3 1 5 "3" 2 1 2 "20"
"1326" 816 86 22 1 2 6 "2" 1 0 1 "40"
"1327" 817 56 15 1 2 8 "2" 1 0 1 "32"
"1328" 817 56 15 2 2 6 "3" 1 0 1 "32"
"1329" 817 60 19 3 2 8 "4" 1 1 1 "32"
"1330" 817 61 20 4 2 9 "4" 1 0 1 "32"
"1331" 817 62 21 5 2 9 "4" 1 0 1 "32"
"1332" 817 63 22 6 2 9 "5" 1 1 1 "32"
"1333" 817 64 23 7 2 9 "4" 1 1 1 "32"
"1334" 817 70 29 9 2 9 "4" 1 1 1 "32"
"1335" 817 70 29 10 2 9 "3" 1 0 1 "32"
"1336" 817 71 30 11 2 9 "3" 1 0 1 "32"
"1337" 817 71 30 12 1 9 "3" 1 0 1 "32"
"1338" 817 72 31 13 1 9 "5" 1 1 1 "32"
"1339" 819 68 16 1 2 7 "2" 1 1 1 "32"
"1340" 819 73 21 2 2 8 "4" 1 1 1 "32"
"1341" 819 75 23 3 2 6 "2" 1 1 1 "32"
"1342" 819 78 26 4 2 7 "2" 1 0 1 "20"
"1343" 819 82 30 5 1 7 "2" 1 0 1 "20"
"1344" 822 84 21 3 2 6 "2" 1 0 2 "32"
"1345" 822 85 22 5 2 4 "3" 2 1 2 "32"
"1346" 826 52 14 2 2 8 "4" 2 0 1 "40"
"1347" 826 53 15 4 2 8 "3" 1 0 1 "32"
"1348" 826 58 20 6 2 8 "4" 1 0 1 "32"
"1349" 826 58 20 7 1 8 "4" 1 0 1 "32"
"1350" 826 61 23 8 1 8 "5" 1 0 1 "32"
"1351" 826 63 25 9 1 9 "5" 1 0 1 "20"
"1352" 826 67 29 10 1 9 "4" 1 0 1 "20"
"1353" 826 70 32 11 1 9 "5" 1 0 1 "20"
"1354" 826 71 33 12 1 9 "3" 1 0 2 "20"
"1355" 826 75 37 13 1 9 "3" 2 0 1 "20"
"1356" 826 77 39 14 1 8 "4" 2 0 1 "20"
"1357" 826 81 43 16 1 8 "4" 2 0 1 "20"
"1358" 827 62 15 1 2 7 "4" 1 1 2 "40"
"1359" 827 67 20 2 1 7 "4" 1 1 2 "40"
"1360" 827 69 22 3 2 9 "4" 1 1 1 "31"
"1361" 827 74 27 4 1 9 "4" 1 1 1 "31"
"1362" 827 74 27 5 1 8 "4" 1 1 1 "31"
"1363" 827 80 33 6 1 7 "4" 1 1 1 "20"
"1364" 828 55 16 1 2 6 "4" 2 1 1 "31"
"1365" 828 56 17 2 2 6 "4" 2 1 1 "31"
"1366" 828 76 37 3 1 6 "3" 1 1 1 "20"
"1367" 828 84 45 4 1 6 "4" 2 1 1 "31"
"1368" 830 73 18 1 2 6 "5" 1 1 1 "31"
"1369" 830 78 23 2 2 6 "3" 2 1 2 "31"
"1370" 830 81 26 3 2 6 "4" 1 1 1 "31"
"1371" 834 52 14 1 2 7 "5" 1 1 1 "32"
"1372" 834 58 20 3 8 6 "5" 1 1 1 "32"
"1373" 839 53 15 1 2 8 "4" 3 1 2 "20"
"1374" 839 59 21 3 1 8 "4" 3 1 2 "32"
"1375" 839 60 22 4 2 9 "4" 3 1 2 "40"
"1376" 839 60 22 5 1 9 "5" 1 0 1 "31"
"1377" 839 61 23 6 2 6 "4" 1 1 2 "40"
"1378" 839 63 25 7 2 8 "4" 1 0 2 "40"
"1379" 839 64 26 8 2 7 "3" 3 0 2 "40"
"1380" 839 64 26 9 1 7 "5" 3 0 1 "40"
"1381" 839 66 28 10 2 9 "5" 3 0 1 "40"
"1382" 839 69 31 11 1 6 "5" 3 1 1 "20"
"1383" 840 72 21 1 1 7 "2" 1 0 1 "20"
"1384" 840 73 22 2 1 9 "3" 1 0 1 "20"
"1385" 840 78 27 3 1 9 "3" 1 0 2 "20"
"1386" 842 63 14 1 2 9 "2" 1 0 2 "32"
"1387" 842 66 17 2 2 9 "2" 1 0 1 "40"
"1388" 842 66 17 3 2 7 "5" 2 1 2 "40"
"1389" 842 67 18 4 2 9 "5" 1 1 2 "50"
"1390" 842 70 21 6 2 7 "4" 1 1 2 "50"
"1391" 842 78 29 7 1 6 "5" 1 1 1 "32"
"1392" 844 72 14 1 2 6 "4" 1 0 1 "31"
"1393" 844 78 20 2 2 6 "4" 1 1 1 "20"
"1394" 846 78 16 2 2 6 "2" 1 1 2 "32"
"1395" 846 82 20 4 2 6 "3" 2 0 2 "32"
"1396" 846 85 23 6 2 6 "5" 1 0 1 "32"
"1397" 846 86 24 8 2 6 "5" 1 0 1 "32"
"1398" 848 77 16 1 2 6 "2" 2 0 2 "40"
"1399" 848 79 18 2 2 6 "2" 2 1 2 "40"
"1400" 848 83 22 4 2 6 "2" 2 0 2 "40"
"1401" 848 84 23 5 2 6 "4" 1 1 2 "50"
"1402" 848 86 25 6 2 2 "2" 1 0 2 "32"
"1403" 849 73 16 1 2 6 "4" 1 0 1 "32"
"1404" 849 75 18 2 2 6 "3" 1 0 1 "32"
"1405" 849 77 20 3 1 6 "5" 1 0 1 "20"
"1406" 849 78 21 4 1 6 "5" 1 0 1 "20"
"1407" 849 81 24 5 1 6 "5" 1 0 1 "20"
"1408" 849 83 26 6 1 6 "5" 1 0 1 "20"
"1409" 850 58 18 1 2 7 "4" 1 0 1 "40"
"1410" 850 63 23 2 1 9 "4" 1 0 1 "40"
"1411" 850 73 33 3 1 9 "4" 1 0 1 "40"
"1412" 850 82 42 5 1 9 "4" 1 0 1 "40"
"1413" 850 83 43 7 8 9 "4" 1 0 1 "40"
"1414" 850 84 44 9 1 6 "3" 1 0 2 "31"
"1415" 851 44 15 1 2 8 "2" 1 1 2 "40"
"1416" 851 46 17 2 2 8 "2" 1 1 2 "32"
"1417" 851 52 23 4 2 8 "3" 1 1 2 "32"
"1418" 851 55 26 5 2 8 "3" 1 1 2 "32"
"1419" 851 55 26 6 2 8 "2" 1 1 2 "32"
"1420" 851 56 27 7 1 8 "2" 1 1 1 "32"
"1421" 851 60 31 8 8 8 "2" 1 1 2 "32"
"1422" 851 63 34 9 1 8 "3" 1 1 1 "32"
"1423" 851 71 42 11 2 8 "3" 1 1 2 "40"
"1424" 851 72 43 13 2 6 "3" 1 1 2 "20"
"1425" 851 74 45 14 2 6 "4" 1 1 1 "10"
"1426" 851 78 49 15 2 5 "5" 1 1 2 "20"
"1427" 860 73 18 2 2 6 "2" 1 0 2 "50"
"1428" 860 74 19 3 1 6 "2" 1 0 2 "50"
"1429" 860 76 21 4 2 7 "2" 1 0 2 "50"
"1430" 860 78 23 6 2 6 "2" 1 1 2 "40"
"1431" 860 79 24 8 2 6 "2" 1 1 1 "40"
"1432" 860 82 27 10 2 9 "2" 1 0 2 "40"
"1433" 860 83 28 12 2 6 "2" 1 1 2 "50"
"1434" 861 63 15 1 2 6 "3" 2 0 1 "31"
"1435" 861 67 19 2 1 8 "2" 3 0 1 "20"
"1436" 861 73 25 3 1 9 "2" 3 0 2 "20"
"1437" 864 78 16 1 2 6 "2" 1 0 2 "32"
"1438" 864 83 21 2 2 6 "2" 1 0 2 "32"
"1439" 865 65 17 1 2 7 "3" 1 0 2 "40"
"1440" 865 66 18 2 2 8 "4" 1 0 1 "31"
"1441" 865 67 19 3 2 8 "4" 1 0 2 "31"
"1442" 865 68 20 4 2 8 "4" 1 1 2 "40"
"1443" 868 79 18 1 2 7 "2" 1 0 1 "10"
"1444" 868 85 24 2 1 9 "2" 3 0 1 "20"
"1445" 868 86 25 4 2 6 "4" 3 0 1 "31"
"1446" 868 86 25 5 1 6 "4" 2 0 1 "20"
"1447" 870 66 15 1 2 6 "5" 4 0 1 "32"
"1448" 870 74 23 3 2 6 "5" 1 0 2 "40"
"1449" 870 75 24 5 2 7 "2" 1 0 2 "32"
"1450" 870 81 30 6 2 8 "4" 1 0 1 "31"
"1451" 870 81 30 7 2 8 "4" 1 0 1 "31"
"1452" 870 82 31 11 2 6 "2" 1 0 2 "32"
"1453" 870 83 32 12 2 7 "2" 1 0 2 "32"
"1454" 874 58 16 2 2 7 "2" 1 0 2 "32"
"1455" 874 60 18 3 2 7 "3" 1 1 1 "50"
"1456" 874 63 21 5 1 7 "3" 1 1 1 "32"
"1457" 874 71 29 6 2 8 "5" 1 1 1 "40"
"1458" 874 71 29 7 2 6 "3" 1 1 1 "32"
"1459" 874 73 31 8 2 6 "4" 1 1 1 "32"
"1460" 874 74 32 9 1 7 "3" 2 1 1 "32"
"1461" 874 75 33 10 2 8 "3" 1 0 2 "50"
"1462" 874 75 33 11 1 7 "5" 2 1 1 "20"
"1463" 874 76 34 12 2 6 "4" 1 1 1 "31"
"1464" 874 78 36 13 1 6 "4" 1 1 1 "31"
"1465" 879 68 14 1 2 6 "4" 1 1 2 "32"
"1466" 879 69 15 3 1 9 "5" 1 1 1 "32"
"1467" 879 78 24 5 2 6 "2" 1 0 1 "40"
"1468" 879 78 24 6 2 6 "3" 1 1 2 "40"
"1469" 879 79 25 7 2 7 "4" 1 1 2 "32"
"1470" 879 79 25 8 2 7 "3" 1 0 1 "32"
"1471" 879 80 26 9 2 7 "2" 1 0 2 "32"
"1472" 879 81 27 10 2 9 "3" 1 1 2 "40"
"1473" 879 82 28 11 8 9 "5" 1 0 2 "50"
"1474" 880 60 31 2 2 7 "3" 2 1 2 "50"
"1475" 880 62 33 3 2 9 "5" 2 1 2 "32"
"1476" 880 72 43 4 2 7 "5" 1 1 2 "40"
"1477" 880 74 45 5 2 9 "4" 2 1 2 "40"
"1478" 880 77 48 7 2 9 "4" 2 1 2 "40"
"1479" 880 79 50 8 8 9 "4" 2 1 2 "40"
"1480" 881 51 15 1 2 8 "3" 2 0 1 "40"
"1481" 881 51 15 2 2 8 "4" 2 1 2 "40"
"1482" 881 54 18 3 2 9 "4" 1 1 2 "40"
"1483" 881 57 21 4 2 7 "4" 2 0 2 "40"
"1484" 881 60 24 5 2 9 "3" 2 0 2 "50"
"1485" 881 63 27 6 2 8 "3" 1 1 2 "32"
"1486" 881 68 32 8 2 6 "3" 1 0 2 "50"
"1487" 881 69 33 10 2 8 "5" 2 0 2 "50"
"1488" 881 74 38 12 8 8 "4" 2 0 2 "50"
"1489" 882 62 16 1 2 7 "5" 1 1 2 "32"
"1490" 882 67 21 2 2 7 "5" 1 1 1 "32"
"1491" 882 67 21 3 2 6 "5" 1 0 1 "31"
"1492" 882 79 33 6 1 9 "2" 1 0 2 "20"
"1493" 883 85 23 1 2 7 "2" 2 1 2 "10"
"1494" 884 72 15 1 2 6 "2" 1 0 2 "40"
"1495" 884 80 23 2 2 7 "2" 1 0 2 "50"
"1496" 884 82 25 4 2 6 "2" 1 0 2 "40"
"1497" 886 77 16 2 2 6 "2" 1 0 2 "40"
"1498" 886 78 17 3 2 6 "2" 1 0 2 "50"
"1499" 886 82 21 5 2 6 "4" 3 1 1 "40"
"1500" 889 66 16 2 2 6 "2" 1 0 1 "32"
"1501" 889 67 17 3 2 6 "4" 2 0 1 "40"
"1502" 889 68 18 4 2 6 "4" 2 0 2 "40"
"1503" 889 69 19 5 2 6 "4" 1 0 1 "40"
"1504" 889 71 21 6 2 6 "4" 1 0 1 "40"
"1505" 889 72 22 7 2 9 "3" 1 1 2 "40"
"1506" 889 72 22 8 2 9 "4" 1 0 2 "40"
"1507" 889 74 24 9 2 6 "3" 1 0 2 "50"
"1508" 889 75 25 10 2 6 "3" 2 0 2 "32"
"1509" 889 76 26 11 2 6 "4" 1 0 2 "32"
"1510" 889 78 28 12 2 9 "4" 1 0 2 "32"
"1511" 890 57 15 1 2 7 "5" 1 1 1 "32"
"1512" 890 75 33 2 2 6 "5" 1 1 1 "32"
"1513" 893 67 22 1 2 5 "5" 1 0 1 "31"
"1514" 893 69 24 2 1 5 "5" 1 1 1 "31"
"1515" 893 70 25 3 1 5 "5" 1 0 1 "10"
"1516" 893 73 28 4 1 5 "5" 1 0 1 "20"
"1517" 893 74 29 5 1 5 "5" 1 0 1 "10"
"1518" 893 75 30 6 1 5 "5" 1 0 1 "20"
"1519" 893 78 33 7 1 5 "5" 1 0 1 "20"
"1520" 893 80 35 8 8 5 "5" 1 0 1 "20"
"1521" 898 62 15 1 2 8 "4" 1 0 1 "32"
"1522" 898 68 21 3 2 8 "4" 1 0 1 "32"
"1523" 898 70 23 4 2 8 "3" 1 0 2 "32"
"1524" 898 72 25 5 2 8 "4" 1 1 1 "32"
"1525" 898 75 28 6 2 7 "2" 1 0 2 "32"
"1526" 898 77 30 7 2 9 "2" 1 1 1 "50"
"1527" 898 83 36 9 1 7 "2" 1 0 1 "32"
"1528" 898 84 37 10 1 7 "2" 1 0 1 "20"
"1529" 898 85 38 11 8 7 "2" 1 0 1 "20"
"1530" 904 55 15 1 2 7 "2" 1 0 1 "32"
"1531" 904 61 21 2 2 7 "2" 1 0 2 "32"
"1532" 904 69 29 3 1 8 "3" 1 1 2 "32"
"1533" 904 79 39 4 1 8 "3" 1 0 2 "32"
"1534" 904 84 44 6 1 8 "3" 1 0 2 "32"
"1535" 904 85 45 7 2 9 "3" 1 0 2 "32"
"1536" 907 74 15 1 2 6 "2" 2 0 2 "32"
"1537" 907 78 19 2 2 6 "4" 2 1 2 "40"
"1538" 907 79 20 3 2 6 "4" 2 1 2 "32"
"1539" 907 79 20 4 2 6 "4" 1 1 2 "32"
"1540" 907 83 24 6 2 6 "4" 2 1 1 "32"
"1541" 910 71 22 1 1 6 "3" 2 0 2 "20"
"1542" 910 72 23 2 2 6 "4" 2 0 1 "31"
"1543" 910 73 24 3 2 6 "4" 2 0 1 "31"
"1544" 910 74 25 4 2 6 "4" 2 0 1 "20"
"1545" 910 75 26 5 2 6 "4" 2 0 1 "20"
"1546" 910 78 29 6 2 6 "4" 2 0 1 "20"
"1547" 910 79 30 7 2 6 "5" 1 0 1 "20"
"1548" 910 80 31 8 1 6 "4" 1 0 1 "20"
"1549" 910 83 34 9 1 6 "4" 1 0 1 "20"
"1550" 910 85 36 10 2 6 "4" 3 0 1 "20"
"1551" 911 81 16 1 2 6 "2" 2 0 2 "32"
"1552" 911 83 18 2 1 4 "2" 2 0 2 "32"
"1553" 911 83 18 3 1 7 "4" 2 0 1 "32"
"1554" 915 83 18 3 2 4 "3" 1 0 2 "40"
"1555" 915 85 20 5 8 4 "3" 1 1 2 "40"
"1556" 923 72 20 1 2 6 "4" 2 0 2 "40"
"1557" 923 73 21 3 2 7 "4" 1 0 1 "10"
"1558" 923 76 24 4 1 7 "4" 1 0 1 "10"
"1559" 923 78 26 5 1 7 "4" 1 0 1 "31"
"1560" 923 81 29 6 1 7 "4" 1 0 1 "20"
"1561" 923 82 30 7 1 7 "4" 1 0 1 "20"
"1562" 923 84 32 8 1 8 "5" 1 0 1 "20"
"1563" 923 86 34 9 1 9 "5" 1 0 1 "20"
"1564" 926 62 15 1 2 6 "2" 2 1 1 "31"
"1565" 926 65 18 2 2 6 "2" 1 0 1 "50"
"1566" 926 66 19 3 2 6 "2" 1 0 1 "40"
"1567" 926 67 20 5 2 8 "1" 2 1 2 "40"
"1568" 926 68 21 6 8 6 "2" 2 0 1 "40"
"1569" 926 74 27 9 2 6 "2" 1 1 1 "32"
"1570" 926 75 28 10 1 6 "2" 1 1 1 "32"
"1571" 926 77 30 11 1 6 "2" 2 0 2 "32"
"1572" 926 78 31 12 1 7 "3" 2 0 1 "32"
"1573" 926 80 33 13 1 6 "2" 2 0 1 "32"
"1574" 926 82 35 15 2 2 "2" 2 0 2 "32"
"1575" 926 82 35 16 1 6 "2" 3 1 1 "20"
"1576" 928 80 16 2 2 6 "2" 2 0 2 "31"
"1577" 928 82 18 4 2 7 "5" 2 1 1 "40"
"1578" 929 48 15 1 2 7 "2" 1 1 2 "32"
"1579" 929 48 15 2 2 7 "2" 1 1 2 "32"
"1580" 929 55 22 3 2 7 "3" 2 1 1 "20"
"1581" 929 69 36 4 1 8 "3" 2 1 2 "20"
"1582" 934 76 20 2 2 6 "3" 1 1 2 "32"
"1583" 939 68 16 1 2 6 "3" 1 0 1 "40"
"1584" 939 72 20 2 2 6 "3" 1 0 2 "40"
"1585" 939 79 27 3 2 7 "4" 1 1 1 "40"
"1586" 944 55 14 1 2 8 "4" 1 0 1 "32"
"1587" 945 74 16 1 2 6 "2" 2 0 2 "32"
"1588" 945 78 20 2 2 6 "2" 2 0 2 "32"
"1589" 945 80 22 3 2 7 "4" 2 1 2 "32"
"1590" 945 84 26 5 2 8 "2" 1 0 1 "32"
"1591" 945 85 27 7 2 6 "5" 1 0 2 "32"
"1592" 945 86 28 9 1 9 "3" 3 0 1 "32"
"1593" 945 86 28 11 2 8 "3" 1 0 1 "50"
"1594" 946 68 16 1 2 6 "2" 1 0 1 "31"
"1595" 946 71 19 2 1 6 "2" 3 0 1 "20"
"1596" 958 77 15 1 2 6 "4" 1 1 1 "32"
"1597" 958 85 23 2 8 6 "2" 1 0 2 "32"
"1598" 966 82 16 1 2 5 "2" 1 0 2 "32"
"1599" 966 85 19 3 2 4 "3" 1 1 2 "50"
"1600" 968 66 15 1 2 6 "3" 1 1 1 "40"
"1601" 968 71 20 2 1 8 "3" 1 1 1 "32"
"1602" 975 83 18 1 2 6 "4" 3 0 1 "31"
"1603" 975 84 19 2 2 6 "5" 2 0 1 "31"
"1604" 975 85 20 3 2 6 "2" 2 0 2 "31"
"1605" 975 86 21 4 1 6 "3" 2 0 1 "32"
"1606" 985 51 15 1 2 7 "5" 2 0 1 "31"
"1607" 985 57 21 3 1 6 "4" 1 0 1 "20"
"1608" 985 70 34 4 1 6 "4" 1 0 2 "20"
"1609" 985 75 39 5 1 7 "3" 2 0 1 "20"
"1610" 985 82 46 6 1 7 "3" 2 0 2 "20"
"1611" 988 40 14 1 2 8 "4" 1 0 1 "31"
"1612" 988 41 15 2 2 6 "2" 1 0 1 "31"
"1613" 988 42 16 3 2 6 "3" 1 0 1 "31"
"1614" 988 42 16 4 2 6 "2" 1 0 2 "31"
"1615" 988 47 21 5 2 6 "4" 1 0 1 "31"
"1616" 988 47 21 6 1 6 "4" 1 0 1 "31"
"1617" 988 50 24 7 1 6 "4" 1 0 1 "31"
"1618" 988 52 26 8 1 6 "2" 3 0 2 "31"
"1619" 988 86 60 9 1 6 "3" 1 0 1 "20"
"1620" 989 80 16 1 2 6 "3" 1 1 2 "50"
"1621" 989 84 20 2 2 9 "4" 1 1 1 "32"
"1622" 990 77 17 1 1 6 "3" 1 1 1 "31"
"1623" 993 79 16 1 1 7 "2" 2 0 1 "31"
"1624" 995 54 14 1 2 7 "2" 1 0 2 "32"
"1625" 995 56 16 2 2 7 "2" 1 0 2 "32"
"1626" 995 63 23 4 1 9 "2" 1 1 1 "32"
"1627" 995 64 24 5 8 9 "2" 1 1 1 "32"
"1628" 995 72 32 6 1 9 "2" 1 1 1 "32"
"1629" 1001 68 22 1 2 5 "3" 2 1 1 "40"
"1630" 1001 69 23 2 2 5 "3" 2 1 1 "20"
"1631" 1001 72 26 3 2 5 "3" 2 1 1 "20"
"1632" 1001 79 33 4 1 5 "3" 2 1 1 "20"
"1633" 1001 86 40 5 1 5 "3" 2 1 1 "20"
